dissimilarity,condition,rdm_index,trialno_1,trialno_2
0.057027212868221155,Concrete,0,B13,C13
0.07707843285465571,Concrete,0,B13,D13
0.06610028903259273,Concrete,0,B13,B15
0.07002944170639797,Concrete,0,B13,C15
0.08960317495117584,Concrete,0,B13,D15
0.07292103747769932,Concrete,0,B13,B18
0.08009469359940731,Concrete,0,B13,C18
0.06375793283236568,Concrete,0,B13,D18
0.09668242841184102,Concrete,0,B13,B20
0.07609580209480375,Concrete,0,B13,C20
0.05475695540939853,Concrete,0,B13,D20
0.05320322360234912,Concrete,0,B13,B21
0.08262889274600853,Concrete,0,B13,C21
0.06043553458537617,Concrete,0,B13,D21
0.0691648739464305,Concrete,0,B13,B26
0.06262977056704545,Concrete,0,B13,C26
0.07076186234104977,Concrete,0,B13,D26
0.058373433034822765,Concrete,0,B13,B30
0.06068769021737274,Concrete,0,B13,C30
0.1045917615285744,Concrete,0,B13,D30
0.07395453608891181,Concrete,0,B13,B37
0.07406428102995084,Concrete,0,B13,C37
0.059421081715841984,Concrete,0,B13,D37
0.07839827739830484,Concrete,0,B13,B42
0.059453398490542896,Concrete,0,B13,C42
0.045451532317279934,Concrete,0,B13,D42
0.0851623144670581,Concrete,0,B13,B43
0.056494659014272974,Concrete,0,B13,C43
0.07788281982487258,Concrete,0,B13,D43
0.07058523209294075,Concrete,0,B13,B44
0.06310437386448538,Concrete,0,B13,C44
0.05086498202496657,Concrete,0,B13,D44
0.05584447677980603,Concrete,0,B13,B51
0.060889529583730014,Concrete,0,B13,C51
0.07164202180884702,Concrete,0,B13,D51
0.05560561700757855,Concrete,0,B13,B52
0.07620008326484902,Concrete,0,B13,C52
0.09019192809022662,Concrete,0,B13,D52
0.056289663962886365,Concrete,0,B13,B53
0.08257416337396753,Concrete,0,B13,C53
0.06188987588088074,Concrete,0,B13,D53
0.0639697862966358,Concrete,0,B13,B54
0.07115798156999964,Concrete,0,B13,C54
0.06207314797812369,Concrete,0,B13,D54
0.08647265320349612,Concrete,0,B13,B55
0.05251914448547011,Concrete,0,B13,C55
0.11435970336928132,Concrete,0,B13,D55
0.05523456144806347,Concrete,0,B13,B57
0.052343829518878865,Concrete,0,B13,C57
0.05506909962276987,Concrete,0,B13,D57
0.08292548503822011,Concrete,0,B13,B63
0.08274259461875771,Concrete,0,B13,C63
0.06509172565198589,Concrete,0,B13,D63
0.053044514272063276,Concrete,0,B13,B65
0.05358795605881272,Concrete,0,B13,C65
0.06605938343575833,Concrete,0,B13,D65
0.0723016656131431,Concrete,0,B13,B67
0.05607187056628019,Concrete,0,B13,C67
0.06063131866525629,Concrete,0,B13,D67
0.06273601078261472,Concrete,0,B13,B71
0.05272228620757557,Concrete,0,B13,C71
0.07398957791097655,Concrete,0,B13,D71
0.05586799162341574,Concrete,0,B13,B77
0.13247967602716385,Concrete,0,B13,C77
0.06300437060606032,Concrete,0,B13,D77
0.05678588659117912,Concrete,0,B13,B78
0.07399374318023393,Concrete,0,B13,C78
0.050902736301046116,Concrete,0,B13,D78
0.06901035513170857,Concrete,0,B13,B80
0.05920835272357836,Concrete,0,B13,C80
0.055405814981557854,Concrete,0,B13,D80
0.07183162576737623,Concrete,0,B13,B83
0.05648196331940297,Concrete,0,B13,C83
0.06560510807055141,Concrete,0,B13,D83
0.056428390704914524,Concrete,0,B13,B88
0.10032355254463875,Concrete,0,B13,C88
0.08861127257385511,Concrete,0,B13,D88
0.07134395233285923,Concrete,0,B13,B91
0.07506444832941692,Concrete,0,B13,C91
0.057202471388842366,Concrete,0,B13,D91
0.060647474604944795,Concrete,0,B13,B92
0.07267566624448306,Concrete,0,B13,C92
0.052823565019690044,Concrete,0,B13,D92
0.07065286432235802,Concrete,0,B13,B94
0.07985566307212649,Concrete,0,B13,C94
0.07675227495816393,Concrete,0,B13,D94
0.07380717278505566,Concrete,0,C13,D13
0.0616211252316026,Concrete,0,C13,B15
0.06536590838892785,Concrete,0,C13,C15
0.08495529860586001,Concrete,0,C13,D15
0.06102286944657659,Concrete,0,C13,B18
0.07589730106099937,Concrete,0,C13,C18
0.05814718877780102,Concrete,0,C13,D18
0.09382614849294835,Concrete,0,C13,B20
0.06822420382439973,Concrete,0,C13,C20
0.04885493524929042,Concrete,0,C13,D20
0.047682146877461355,Concrete,0,C13,B21
0.07582282365022418,Concrete,0,C13,C21
0.05491024495875815,Concrete,0,C13,D21
0.06495652871394997,Concrete,0,C13,B26
0.05613793160352188,Concrete,0,C13,C26
0.06757322492787278,Concrete,0,C13,D26
0.06064120749841271,Concrete,0,C13,B30
0.048361474736264495,Concrete,0,C13,C30
0.09984826181226694,Concrete,0,C13,D30
0.07306278341193136,Concrete,0,C13,B37
0.06074325161803192,Concrete,0,C13,C37
0.0541066906032432,Concrete,0,C13,D37
0.06720491695944567,Concrete,0,C13,B42
0.05588025043814774,Concrete,0,C13,C42
0.04540822554343496,Concrete,0,C13,D42
0.0715403319534795,Concrete,0,C13,B43
0.05359896010359446,Concrete,0,C13,C43
0.06256912450906742,Concrete,0,C13,D43
0.05787790515692354,Concrete,0,C13,B44
0.05271122318189995,Concrete,0,C13,C44
0.050464949864566136,Concrete,0,C13,D44
0.05256213659979001,Concrete,0,C13,B51
0.05745069415622346,Concrete,0,C13,C51
0.062027419971465284,Concrete,0,C13,D51
0.049741866584360576,Concrete,0,C13,B52
0.06650905032604146,Concrete,0,C13,C52
0.08400527953208983,Concrete,0,C13,D52
0.052976251394276974,Concrete,0,C13,B53
0.07468225349916778,Concrete,0,C13,C53
0.05130245440782017,Concrete,0,C13,D53
0.05654151581376175,Concrete,0,C13,B54
0.0749896861954744,Concrete,0,C13,C54
0.06148683414901288,Concrete,0,C13,D54
0.07840444287658828,Concrete,0,C13,B55
0.04976352414865024,Concrete,0,C13,C55
0.08634267698609527,Concrete,0,C13,D55
0.057947862421757514,Concrete,0,C13,B57
0.046044802717022236,Concrete,0,C13,C57
0.04703431070243636,Concrete,0,C13,D57
0.08082189880847308,Concrete,0,C13,B63
0.07664003655095354,Concrete,0,C13,C63
0.05630072578467926,Concrete,0,C13,D63
0.0458659189993402,Concrete,0,C13,B65
0.057132111918597114,Concrete,0,C13,C65
0.05774128091817622,Concrete,0,C13,D65
0.07247616836962673,Concrete,0,C13,B67
0.04664072456293284,Concrete,0,C13,C67
0.05511218484539129,Concrete,0,C13,D67
0.059688590318180745,Concrete,0,C13,B71
0.050127466712598684,Concrete,0,C13,C71
0.07498683991297958,Concrete,0,C13,D71
0.05375200618452397,Concrete,0,C13,B77
0.11459770212436722,Concrete,0,C13,C77
0.054953247177064894,Concrete,0,C13,D77
0.0524390888646262,Concrete,0,C13,B78
0.0749921220152102,Concrete,0,C13,C78
0.05478997525621147,Concrete,0,C13,D78
0.05479934569274129,Concrete,0,C13,B80
0.05281138868344808,Concrete,0,C13,C80
0.051588095314353065,Concrete,0,C13,D80
0.0640081762526619,Concrete,0,C13,B83
0.05114972745304494,Concrete,0,C13,C83
0.0599234634463925,Concrete,0,C13,D83
0.04729691348091774,Concrete,0,C13,B88
0.09227437468476048,Concrete,0,C13,C88
0.07185009502625202,Concrete,0,C13,D88
0.06508817975276701,Concrete,0,C13,B91
0.07881784452087129,Concrete,0,C13,C91
0.05206985789120046,Concrete,0,C13,D91
0.0507840251012751,Concrete,0,C13,B92
0.06476405687804514,Concrete,0,C13,C92
0.05230062548009124,Concrete,0,C13,D92
0.07098121997881034,Concrete,0,C13,B94
0.05704615992892294,Concrete,0,C13,C94
0.06974490260026528,Concrete,0,C13,D94
0.08054585328412532,Concrete,0,D13,B15
0.08112128714489808,Concrete,0,D13,C15
0.08027475584086011,Concrete,0,D13,D15
0.08972907546826699,Concrete,0,D13,B18
0.11192465489938247,Concrete,0,D13,C18
0.07270961232574036,Concrete,0,D13,D18
0.13607844708995565,Concrete,0,D13,B20
0.08462928586333254,Concrete,0,D13,C20
0.0700553623850883,Concrete,0,D13,D20
0.06026650906506637,Concrete,0,D13,B21
0.08357392362152681,Concrete,0,D13,C21
0.06673016790012634,Concrete,0,D13,D21
0.08579697432268506,Concrete,0,D13,B26
0.07219673776470459,Concrete,0,D13,C26
0.08637275061042066,Concrete,0,D13,D26
0.0721451648789804,Concrete,0,D13,B30
0.07382731704312374,Concrete,0,D13,C30
0.11486493076720183,Concrete,0,D13,D30
0.08826759488387527,Concrete,0,D13,B37
0.08431587512071036,Concrete,0,D13,C37
0.07197518600226316,Concrete,0,D13,D37
0.09329309883655033,Concrete,0,D13,B42
0.07169261208110755,Concrete,0,D13,C42
0.06811794894769989,Concrete,0,D13,D42
0.0853903848598484,Concrete,0,D13,B43
0.08443744346093664,Concrete,0,D13,C43
0.08879318757252415,Concrete,0,D13,D43
0.08357109933733704,Concrete,0,D13,B44
0.07463237098227925,Concrete,0,D13,C44
0.062336867662245,Concrete,0,D13,D44
0.07356357634991989,Concrete,0,D13,B51
0.07223236812303184,Concrete,0,D13,C51
0.08942072549316239,Concrete,0,D13,D51
0.07127405199575076,Concrete,0,D13,B52
0.08319076483595338,Concrete,0,D13,C52
0.13381667742182485,Concrete,0,D13,D52
0.06694310370501096,Concrete,0,D13,B53
0.09045848011994131,Concrete,0,D13,C53
0.0779828553458897,Concrete,0,D13,D53
0.07001618256101336,Concrete,0,D13,B54
0.08451934527892883,Concrete,0,D13,C54
0.08124440563129547,Concrete,0,D13,D54
0.10478819843150827,Concrete,0,D13,B55
0.06633900969997476,Concrete,0,D13,C55
0.11931329489972207,Concrete,0,D13,D55
0.07686563154510123,Concrete,0,D13,B57
0.07308522476060822,Concrete,0,D13,C57
0.06945806579225106,Concrete,0,D13,D57
0.09254389321820208,Concrete,0,D13,B63
0.09912215987906797,Concrete,0,D13,C63
0.0684592440619643,Concrete,0,D13,D63
0.0641822883494409,Concrete,0,D13,B65
0.07179155492986543,Concrete,0,D13,C65
0.07255119770049077,Concrete,0,D13,D65
0.09013343951435125,Concrete,0,D13,B67
0.07336646678629637,Concrete,0,D13,C67
0.075268810008159,Concrete,0,D13,D67
0.0826633045465475,Concrete,0,D13,B71
0.0684410214715351,Concrete,0,D13,C71
0.09631906227512436,Concrete,0,D13,D71
0.06927824578425225,Concrete,0,D13,B77
0.13559580622053494,Concrete,0,D13,C77
0.08208953300446303,Concrete,0,D13,D77
0.07805667084784108,Concrete,0,D13,B78
0.09809251442494979,Concrete,0,D13,C78
0.06575514609091819,Concrete,0,D13,D78
0.07184737235814904,Concrete,0,D13,B80
0.06611812361210104,Concrete,0,D13,C80
0.0766746045275158,Concrete,0,D13,D80
0.07366739541134505,Concrete,0,D13,B83
0.07138817429059136,Concrete,0,D13,C83
0.07951249175701913,Concrete,0,D13,D83
0.07074755918730097,Concrete,0,D13,B88
0.11793859084956965,Concrete,0,D13,C88
0.08326200244227659,Concrete,0,D13,D88
0.08283884082872049,Concrete,0,D13,B91
0.10372862930599981,Concrete,0,D13,C91
0.07275143569345244,Concrete,0,D13,D91
0.0741819198447939,Concrete,0,D13,B92
0.08163705167868611,Concrete,0,D13,C92
0.06879197511707125,Concrete,0,D13,D92
0.08098972997326066,Concrete,0,D13,B94
0.0861041758747158,Concrete,0,D13,C94
0.08620535468411554,Concrete,0,D13,D94
0.07041228661603996,Concrete,0,B15,C15
0.09577350675494034,Concrete,0,B15,D15
0.07367706073425674,Concrete,0,B15,B18
0.09203273444556558,Concrete,0,B15,C18
0.0665511431531826,Concrete,0,B15,D18
0.09510646790924841,Concrete,0,B15,B20
0.08026515406848818,Concrete,0,B15,C20
0.058969633255022594,Concrete,0,B15,D20
0.05594497675818027,Concrete,0,B15,B21
0.08715580405283457,Concrete,0,B15,C21
0.05835922448168095,Concrete,0,B15,D21
0.06988965686808712,Concrete,0,B15,B26
0.062053232078243536,Concrete,0,B15,C26
0.07669807592531033,Concrete,0,B15,D26
0.06045808365842302,Concrete,0,B15,B30
0.057060622092777,Concrete,0,B15,C30
0.07917959077852502,Concrete,0,B15,D30
0.0725737026476894,Concrete,0,B15,B37
0.07861067181794934,Concrete,0,B15,C37
0.06032143524699684,Concrete,0,B15,D37
0.08369421922237681,Concrete,0,B15,B42
0.06368358834986917,Concrete,0,B15,C42
0.0542234292678723,Concrete,0,B15,D42
0.0779056384468109,Concrete,0,B15,B43
0.05624295492100071,Concrete,0,B15,C43
0.0728466449335985,Concrete,0,B15,D43
0.06391462728616198,Concrete,0,B15,B44
0.0638511480388518,Concrete,0,B15,C44
0.05508625871029219,Concrete,0,B15,D44
0.061643715707752185,Concrete,0,B15,B51
0.05480629326800164,Concrete,0,B15,C51
0.06363702952211205,Concrete,0,B15,D51
0.05935010654201922,Concrete,0,B15,B52
0.08208131242568202,Concrete,0,B15,C52
0.08763094686923002,Concrete,0,B15,D52
0.059152825912043995,Concrete,0,B15,B53
0.05853040525108822,Concrete,0,B15,C53
0.06711777898564046,Concrete,0,B15,D53
0.061259495550138834,Concrete,0,B15,B54
0.0878634198796988,Concrete,0,B15,C54
0.06919707002402353,Concrete,0,B15,D54
0.08191292906887482,Concrete,0,B15,B55
0.056513714448688565,Concrete,0,B15,C55
0.09892269818289928,Concrete,0,B15,D55
0.06441003705941763,Concrete,0,B15,B57
0.053332787030105785,Concrete,0,B15,C57
0.05474622804344495,Concrete,0,B15,D57
0.09207313912914736,Concrete,0,B15,B63
0.07780193424875857,Concrete,0,B15,C63
0.062394384011407525,Concrete,0,B15,D63
0.0523383131159625,Concrete,0,B15,B65
0.05813129954104969,Concrete,0,B15,C65
0.0696045593119305,Concrete,0,B15,D65
0.07298460825869948,Concrete,0,B15,B67
0.06129144756081844,Concrete,0,B15,C67
0.06280234064810201,Concrete,0,B15,D67
0.06556733867120373,Concrete,0,B15,B71
0.061805987644765734,Concrete,0,B15,C71
0.09323644049167246,Concrete,0,B15,D71
0.05863719572152481,Concrete,0,B15,B77
0.10976710544262612,Concrete,0,B15,C77
0.057163092821027134,Concrete,0,B15,D77
0.05723193770083276,Concrete,0,B15,B78
0.09394472329806752,Concrete,0,B15,C78
0.05407550030066606,Concrete,0,B15,D78
0.06599967857354416,Concrete,0,B15,B80
0.05725233519281517,Concrete,0,B15,C80
0.07089397079755047,Concrete,0,B15,D80
0.06375263804338864,Concrete,0,B15,B83
0.06075963471460878,Concrete,0,B15,C83
0.07082877443808297,Concrete,0,B15,D83
0.060532751462995416,Concrete,0,B15,B88
0.10625439965502873,Concrete,0,B15,C88
0.08653887899349641,Concrete,0,B15,D88
0.06552176622931068,Concrete,0,B15,B91
0.07430855455490742,Concrete,0,B15,C91
0.05809940686178771,Concrete,0,B15,D91
0.06181458874261677,Concrete,0,B15,B92
0.06642527653181526,Concrete,0,B15,C92
0.05181853462001779,Concrete,0,B15,D92
0.07835882055322699,Concrete,0,B15,B94
0.0668232342733227,Concrete,0,B15,C94
0.08523450246164135,Concrete,0,B15,D94
0.09754157763361491,Concrete,0,C15,D15
0.07467737531256737,Concrete,0,C15,B18
0.09066376470575024,Concrete,0,C15,C18
0.08001952254963485,Concrete,0,C15,D18
0.13012130589998105,Concrete,0,C15,B20
0.09513210848047608,Concrete,0,C15,C20
0.06190484127414238,Concrete,0,C15,D20
0.06431331850478003,Concrete,0,C15,B21
0.09341628403530411,Concrete,0,C15,C21
0.0695058101153762,Concrete,0,C15,D21
0.08259197227738764,Concrete,0,C15,B26
0.06798768835429153,Concrete,0,C15,C26
0.07647507541174886,Concrete,0,C15,D26
0.06746613592822613,Concrete,0,C15,B30
0.07623246083668357,Concrete,0,C15,C30
0.11870204876322421,Concrete,0,C15,D30
0.08154890492285814,Concrete,0,C15,B37
0.07759253842000165,Concrete,0,C15,C37
0.06613618162813466,Concrete,0,C15,D37
0.08512793558166619,Concrete,0,C15,B42
0.07844264936983306,Concrete,0,C15,C42
0.06478805140319822,Concrete,0,C15,D42
0.08777987557941695,Concrete,0,C15,B43
0.06205014407557135,Concrete,0,C15,C43
0.08616613377464742,Concrete,0,C15,D43
0.07910677164308279,Concrete,0,C15,B44
0.06369790264701833,Concrete,0,C15,C44
0.058158135123563784,Concrete,0,C15,D44
0.060406080152246494,Concrete,0,C15,B51
0.06674080694499503,Concrete,0,C15,C51
0.07763652268340575,Concrete,0,C15,D51
0.061178600050841414,Concrete,0,C15,B52
0.08416991080394631,Concrete,0,C15,C52
0.10032283066268562,Concrete,0,C15,D52
0.06033970887441238,Concrete,0,C15,B53
0.08276455833153358,Concrete,0,C15,C53
0.0683169433826143,Concrete,0,C15,D53
0.07202434487554685,Concrete,0,C15,B54
0.089137979240378,Concrete,0,C15,C54
0.08508727892406791,Concrete,0,C15,D54
0.09752695845501987,Concrete,0,C15,B55
0.059948242510371626,Concrete,0,C15,C55
0.10021807702082808,Concrete,0,C15,D55
0.06060890596524605,Concrete,0,C15,B57
0.056567739918104196,Concrete,0,C15,C57
0.06632975750284457,Concrete,0,C15,D57
0.0857883559239051,Concrete,0,C15,B63
0.09180829055204444,Concrete,0,C15,C63
0.07084415188538822,Concrete,0,C15,D63
0.061577360179062866,Concrete,0,C15,B65
0.07501777614078023,Concrete,0,C15,C65
0.0807807127339454,Concrete,0,C15,D65
0.08396520537788804,Concrete,0,C15,B67
0.0694668167699882,Concrete,0,C15,C67
0.07630928718185898,Concrete,0,C15,D67
0.07951836671206997,Concrete,0,C15,B71
0.06981878953690879,Concrete,0,C15,C71
0.0833486990938061,Concrete,0,C15,D71
0.06446448266981804,Concrete,0,C15,B77
0.11060936190931538,Concrete,0,C15,C77
0.06236433844588805,Concrete,0,C15,D77
0.0791217704163879,Concrete,0,C15,B78
0.09411751457611078,Concrete,0,C15,C78
0.06149601689573729,Concrete,0,C15,D78
0.0702299514650545,Concrete,0,C15,B80
0.06528682916905708,Concrete,0,C15,C80
0.06778364870717951,Concrete,0,C15,D80
0.08298444288440349,Concrete,0,C15,B83
0.06453452867807678,Concrete,0,C15,C83
0.08320670747948672,Concrete,0,C15,D83
0.06174285451439142,Concrete,0,C15,B88
0.10883146370508202,Concrete,0,C15,C88
0.08876402582829164,Concrete,0,C15,D88
0.0823767657404175,Concrete,0,C15,B91
0.09208888328224628,Concrete,0,C15,C91
0.06818579320358868,Concrete,0,C15,D91
0.07302588418302851,Concrete,0,C15,B92
0.07719541563960883,Concrete,0,C15,C92
0.056643626081587545,Concrete,0,C15,D92
0.08344689259407836,Concrete,0,C15,B94
0.08772625932070117,Concrete,0,C15,C94
0.08488153863445001,Concrete,0,C15,D94
0.09299771691407442,Concrete,0,D15,B18
0.11144030505675256,Concrete,0,D15,C18
0.08960784048757386,Concrete,0,D15,D18
0.12812387702692815,Concrete,0,D15,B20
0.10833975779927779,Concrete,0,D15,C20
0.0805536611204526,Concrete,0,D15,D20
0.08413010487522615,Concrete,0,D15,B21
0.0815990401885913,Concrete,0,D15,C21
0.08809293181723997,Concrete,0,D15,D21
0.09437271609917997,Concrete,0,D15,B26
0.08678202763509957,Concrete,0,D15,C26
0.10128430152712853,Concrete,0,D15,D26
0.08895686017131174,Concrete,0,D15,B30
0.08313280372499743,Concrete,0,D15,C30
0.13223079616531272,Concrete,0,D15,D30
0.11941062323602061,Concrete,0,D15,B37
0.09326451332525341,Concrete,0,D15,C37
0.08084060334078823,Concrete,0,D15,D37
0.0970224368627622,Concrete,0,D15,B42
0.097193294201352,Concrete,0,D15,C42
0.07952835739519659,Concrete,0,D15,D42
0.10332435030788466,Concrete,0,D15,B43
0.09494358421617988,Concrete,0,D15,C43
0.10267499330670014,Concrete,0,D15,D43
0.09247536642430204,Concrete,0,D15,B44
0.08985467306330629,Concrete,0,D15,C44
0.07855514134694648,Concrete,0,D15,D44
0.08435172263507137,Concrete,0,D15,B51
0.09230432607848346,Concrete,0,D15,C51
0.10024167612829991,Concrete,0,D15,D51
0.08368930702658264,Concrete,0,D15,B52
0.09684463759324359,Concrete,0,D15,C52
0.16366713670088565,Concrete,0,D15,D52
0.08775332817851308,Concrete,0,D15,B53
0.10580517174666848,Concrete,0,D15,C53
0.09451759918577847,Concrete,0,D15,D53
0.08872783509958086,Concrete,0,D15,B54
0.07189366476476734,Concrete,0,D15,C54
0.09584421677404148,Concrete,0,D15,D54
0.12835514554317104,Concrete,0,D15,B55
0.08338462851658622,Concrete,0,D15,C55
0.1290649736864437,Concrete,0,D15,D55
0.08666781548446097,Concrete,0,D15,B57
0.07736858404578423,Concrete,0,D15,C57
0.08311871857688617,Concrete,0,D15,D57
0.09153809727076578,Concrete,0,D15,B63
0.10699926516222535,Concrete,0,D15,C63
0.0849875518378704,Concrete,0,D15,D63
0.07562667416506215,Concrete,0,D15,B65
0.0867998972168334,Concrete,0,D15,C65
0.07296624495007005,Concrete,0,D15,D65
0.10355262632667034,Concrete,0,D15,B67
0.08272917777840712,Concrete,0,D15,C67
0.08420137259850625,Concrete,0,D15,D67
0.09319596813559713,Concrete,0,D15,B71
0.08198554810592193,Concrete,0,D15,C71
0.08523822504713638,Concrete,0,D15,D71
0.0775580963384512,Concrete,0,D15,B77
0.13782805916250185,Concrete,0,D15,C77
0.08413543682940226,Concrete,0,D15,D77
0.08920759414492523,Concrete,0,D15,B78
0.09798161596200416,Concrete,0,D15,C78
0.08152316977769031,Concrete,0,D15,D78
0.08795156668749106,Concrete,0,D15,B80
0.08106517062662412,Concrete,0,D15,C80
0.07556194207182464,Concrete,0,D15,D80
0.11290565067151177,Concrete,0,D15,B83
0.08580751017622336,Concrete,0,D15,C83
0.09155917389718816,Concrete,0,D15,D83
0.08141997619443492,Concrete,0,D15,B88
0.1362457306955682,Concrete,0,D15,C88
0.07950459414890046,Concrete,0,D15,D88
0.09701156919268958,Concrete,0,D15,B91
0.11870341922698728,Concrete,0,D15,C91
0.08471249290673193,Concrete,0,D15,D91
0.08753702138562379,Concrete,0,D15,B92
0.10444129171732967,Concrete,0,D15,C92
0.08228848090918746,Concrete,0,D15,D92
0.08726962534320791,Concrete,0,D15,B94
0.09509581881912586,Concrete,0,D15,C94
0.10059736977586813,Concrete,0,D15,D94
0.09418756261994374,Concrete,0,B18,C18
0.07888261558676352,Concrete,0,B18,D18
0.11594432838970635,Concrete,0,B18,B20
0.08625490530884568,Concrete,0,B18,C20
0.06868283814838698,Concrete,0,B18,D20
0.06299365627432314,Concrete,0,B18,B21
0.087632645256106,Concrete,0,B18,C21
0.07024359633075127,Concrete,0,B18,D21
0.07028000557594699,Concrete,0,B18,B26
0.06338557083786892,Concrete,0,B18,C26
0.07934217030498941,Concrete,0,B18,D26
0.07125585010014551,Concrete,0,B18,B30
0.06085875048889489,Concrete,0,B18,C30
0.10387743892291128,Concrete,0,B18,D30
0.08750480522629671,Concrete,0,B18,B37
0.06854181738779351,Concrete,0,B18,C37
0.062094375079801874,Concrete,0,B18,D37
0.08724818881726265,Concrete,0,B18,B42
0.06933567683787084,Concrete,0,B18,C42
0.06366661151028752,Concrete,0,B18,D42
0.08840826989977396,Concrete,0,B18,B43
0.07405942000781103,Concrete,0,B18,C43
0.08586570878314143,Concrete,0,B18,D43
0.07962107110013744,Concrete,0,B18,B44
0.06854862473198038,Concrete,0,B18,C44
0.060402010039982086,Concrete,0,B18,D44
0.06634149198524193,Concrete,0,B18,B51
0.07260535649208333,Concrete,0,B18,C51
0.07242384327424327,Concrete,0,B18,D51
0.06485016929894406,Concrete,0,B18,B52
0.08060223137654068,Concrete,0,B18,C52
0.10539742651566315,Concrete,0,B18,D52
0.07395079586493206,Concrete,0,B18,B53
0.08202690285216377,Concrete,0,B18,C53
0.06374973609132949,Concrete,0,B18,D53
0.07367593824990427,Concrete,0,B18,B54
0.08934928722073592,Concrete,0,B18,C54
0.07197406268675532,Concrete,0,B18,D54
0.09656495722208486,Concrete,0,B18,B55
0.06164713424157687,Concrete,0,B18,C55
0.09424159291377676,Concrete,0,B18,D55
0.07491688602431547,Concrete,0,B18,B57
0.05935273922474975,Concrete,0,B18,C57
0.06558450914959868,Concrete,0,B18,D57
0.09651125769052027,Concrete,0,B18,B63
0.09392892512751441,Concrete,0,B18,C63
0.07828180816849016,Concrete,0,B18,D63
0.05639394263157467,Concrete,0,B18,B65
0.07556814302365131,Concrete,0,B18,C65
0.07033075564357022,Concrete,0,B18,D65
0.10367370151689266,Concrete,0,B18,B67
0.058902496166515717,Concrete,0,B18,C67
0.06894305638202547,Concrete,0,B18,D67
0.07003043433838847,Concrete,0,B18,B71
0.059427390672141936,Concrete,0,B18,C71
0.07945079298465031,Concrete,0,B18,D71
0.06858426879247048,Concrete,0,B18,B77
0.1178794840739739,Concrete,0,B18,C77
0.06719240082849512,Concrete,0,B18,D77
0.07620155019875678,Concrete,0,B18,B78
0.09808378143170571,Concrete,0,B18,C78
0.062235903526456485,Concrete,0,B18,D78
0.06556377717793306,Concrete,0,B18,B80
0.062298831407065776,Concrete,0,B18,C80
0.06508414443070819,Concrete,0,B18,D80
0.09013243830669018,Concrete,0,B18,B83
0.059786353877699615,Concrete,0,B18,C83
0.08163484226098312,Concrete,0,B18,D83
0.06430382399057125,Concrete,0,B18,B88
0.10283436991402883,Concrete,0,B18,C88
0.07181670258749905,Concrete,0,B18,D88
0.07354382033274885,Concrete,0,B18,B91
0.09406966531228157,Concrete,0,B18,C91
0.06661412869396122,Concrete,0,B18,D91
0.06714238653952316,Concrete,0,B18,B92
0.08015328078319073,Concrete,0,B18,C92
0.06049029494005334,Concrete,0,B18,D92
0.08234322132093708,Concrete,0,B18,B94
0.07430512805995342,Concrete,0,B18,C94
0.07835629600037557,Concrete,0,B18,D94
0.07729084472524685,Concrete,0,C18,D18
0.09818204754438464,Concrete,0,C18,B20
0.09755337557641772,Concrete,0,C18,C20
0.07135942900454302,Concrete,0,C18,D20
0.07043792113006103,Concrete,0,C18,B21
0.0946414273935805,Concrete,0,C18,C21
0.07859781968646194,Concrete,0,C18,D21
0.08703031085342873,Concrete,0,C18,B26
0.08057365528937463,Concrete,0,C18,C26
0.09259634610968304,Concrete,0,C18,D26
0.08016705083624799,Concrete,0,C18,B30
0.0816245428963376,Concrete,0,C18,C30
0.13650587352915378,Concrete,0,C18,D30
0.09495447150483642,Concrete,0,C18,B37
0.09192618989209446,Concrete,0,C18,C37
0.07899310108435056,Concrete,0,C18,D37
0.0720580369659842,Concrete,0,C18,B42
0.08321216656929134,Concrete,0,C18,C42
0.0712121291743523,Concrete,0,C18,D42
0.09062225975112974,Concrete,0,C18,B43
0.07011247512888233,Concrete,0,C18,C43
0.08942614320979207,Concrete,0,C18,D43
0.08562774457611104,Concrete,0,C18,B44
0.08227390883876422,Concrete,0,C18,C44
0.07517348564594559,Concrete,0,C18,D44
0.07136165119227883,Concrete,0,C18,B51
0.07642333603520424,Concrete,0,C18,C51
0.08390740243315314,Concrete,0,C18,D51
0.0778308100712025,Concrete,0,C18,B52
0.08731524905385676,Concrete,0,C18,C52
0.10766458378315227,Concrete,0,C18,D52
0.07724943905759221,Concrete,0,C18,B53
0.08842960359236167,Concrete,0,C18,C53
0.07895220621507246,Concrete,0,C18,D53
0.07124943015827417,Concrete,0,C18,B54
0.08256489477245177,Concrete,0,C18,C54
0.08697560083691301,Concrete,0,C18,D54
0.09818877058666743,Concrete,0,C18,B55
0.0686647033338449,Concrete,0,C18,C55
0.09407462799840595,Concrete,0,C18,D55
0.06217694408136002,Concrete,0,C18,B57
0.07651515392279751,Concrete,0,C18,C57
0.06700010433606789,Concrete,0,C18,D57
0.09471173373591786,Concrete,0,C18,B63
0.07868926249866598,Concrete,0,C18,C63
0.08337861235764352,Concrete,0,C18,D63
0.0655310622574029,Concrete,0,C18,B65
0.07934106418362159,Concrete,0,C18,C65
0.08416505153419321,Concrete,0,C18,D65
0.08864649047032776,Concrete,0,C18,B67
0.07872765809926215,Concrete,0,C18,C67
0.0800608503303298,Concrete,0,C18,D67
0.08112259631263256,Concrete,0,C18,B71
0.07940478755962112,Concrete,0,C18,C71
0.06715457840362662,Concrete,0,C18,D71
0.08023061788686184,Concrete,0,C18,B77
0.16167240493723162,Concrete,0,C18,C77
0.06891045677627798,Concrete,0,C18,D77
0.0754531566423205,Concrete,0,C18,B78
0.09878545378708846,Concrete,0,C18,C78
0.07363326758504762,Concrete,0,C18,D78
0.0796313007960122,Concrete,0,C18,B80
0.07913324668246197,Concrete,0,C18,C80
0.06527473905017607,Concrete,0,C18,D80
0.11024472915933896,Concrete,0,C18,B83
0.07746132537209284,Concrete,0,C18,C83
0.08298014144926347,Concrete,0,C18,D83
0.07770445058862116,Concrete,0,C18,B88
0.10199615727464537,Concrete,0,C18,C88
0.10145039742311357,Concrete,0,C18,D88
0.07783532180881861,Concrete,0,C18,B91
0.10401831917473352,Concrete,0,C18,C91
0.07445075382760952,Concrete,0,C18,D91
0.08018977573544037,Concrete,0,C18,B92
0.08465821885321276,Concrete,0,C18,C92
0.07403440832524495,Concrete,0,C18,D92
0.08520335910715572,Concrete,0,C18,B94
0.08569911620306184,Concrete,0,C18,C94
0.1044367836246453,Concrete,0,C18,D94
0.09834076433807572,Concrete,0,D18,B20
0.07217759132640776,Concrete,0,D18,C20
0.06010029511357381,Concrete,0,D18,D20
0.04930210286125317,Concrete,0,D18,B21
0.08451543594041808,Concrete,0,D18,C21
0.060549958077553916,Concrete,0,D18,D21
0.06939427748118346,Concrete,0,D18,B26
0.06505598883692082,Concrete,0,D18,C26
0.07373378246046045,Concrete,0,D18,D26
0.060272999248002605,Concrete,0,D18,B30
0.06524246504997407,Concrete,0,D18,C30
0.09857821230028624,Concrete,0,D18,D30
0.07532966845390277,Concrete,0,D18,B37
0.06450387953356496,Concrete,0,D18,C37
0.06400410398685004,Concrete,0,D18,D37
0.08052552922123538,Concrete,0,D18,B42
0.06098186886236283,Concrete,0,D18,C42
0.057839674140340976,Concrete,0,D18,D42
0.07532781676845836,Concrete,0,D18,B43
0.06546443800916611,Concrete,0,D18,C43
0.07310200811188532,Concrete,0,D18,D43
0.06607833539879875,Concrete,0,D18,B44
0.06421768012749522,Concrete,0,D18,C44
0.053374460460469605,Concrete,0,D18,D44
0.0662589232724264,Concrete,0,D18,B51
0.07032184860694622,Concrete,0,D18,C51
0.06913020268157165,Concrete,0,D18,D51
0.06088691005434566,Concrete,0,D18,B52
0.0756530333195662,Concrete,0,D18,C52
0.09837219420215575,Concrete,0,D18,D52
0.062165077345714526,Concrete,0,D18,B53
0.08085886394248644,Concrete,0,D18,C53
0.058607532967466264,Concrete,0,D18,D53
0.0576056605305752,Concrete,0,D18,B54
0.07371102621850475,Concrete,0,D18,C54
0.06782463079385409,Concrete,0,D18,D54
0.0811096850754075,Concrete,0,D18,B55
0.05407019631258144,Concrete,0,D18,C55
0.10671297988496854,Concrete,0,D18,D55
0.06675778516016469,Concrete,0,D18,B57
0.0655195868969557,Concrete,0,D18,C57
0.05487153604003846,Concrete,0,D18,D57
0.09085155834555861,Concrete,0,D18,B63
0.09020357116465472,Concrete,0,D18,C63
0.06425303906085504,Concrete,0,D18,D63
0.05213291059951947,Concrete,0,D18,B65
0.06394816125421855,Concrete,0,D18,C65
0.061462723354429774,Concrete,0,D18,D65
0.08327884194386878,Concrete,0,D18,B67
0.058974515916898756,Concrete,0,D18,C67
0.062058056384497004,Concrete,0,D18,D67
0.06929788300038033,Concrete,0,D18,B71
0.05769134929960401,Concrete,0,D18,C71
0.0791308440353382,Concrete,0,D18,D71
0.05805566377436182,Concrete,0,D18,B77
0.11375433160378658,Concrete,0,D18,C77
0.06325798215046487,Concrete,0,D18,D77
0.07080900789160131,Concrete,0,D18,B78
0.08699693675921874,Concrete,0,D18,C78
0.057953796999836424,Concrete,0,D18,D78
0.05786466494612581,Concrete,0,D18,B80
0.05322817635697145,Concrete,0,D18,C80
0.06530693301346212,Concrete,0,D18,D80
0.07551649688348626,Concrete,0,D18,B83
0.062441112533265335,Concrete,0,D18,C83
0.06748988695813812,Concrete,0,D18,D83
0.05822902374288751,Concrete,0,D18,B88
0.10351739997223011,Concrete,0,D18,C88
0.07941216175030537,Concrete,0,D18,D88
0.07441404354024618,Concrete,0,D18,B91
0.07479146749815385,Concrete,0,D18,C91
0.05507969565061512,Concrete,0,D18,D91
0.05949323872423753,Concrete,0,D18,B92
0.07367353683990785,Concrete,0,D18,C92
0.059105687053838445,Concrete,0,D18,D92
0.07916817314997486,Concrete,0,D18,B94
0.06463817142405386,Concrete,0,D18,C94
0.07821670242686943,Concrete,0,D18,D94
0.11516012856453696,Concrete,0,B20,C20
0.09339381039786135,Concrete,0,B20,D20
0.08890127648814973,Concrete,0,B20,B21
0.11124081588725777,Concrete,0,B20,C21
0.10011722365053037,Concrete,0,B20,D21
0.10733937405299919,Concrete,0,B20,B26
0.10576104044792126,Concrete,0,B20,C26
0.10605910123144809,Concrete,0,B20,D26
0.09530809252899482,Concrete,0,B20,B30
0.09063919674345285,Concrete,0,B20,C30
0.14502160461036565,Concrete,0,B20,D30
0.10002972549271542,Concrete,0,B20,B37
0.09511956716932908,Concrete,0,B20,C37
0.09676108847219161,Concrete,0,B20,D37
0.12384252511300484,Concrete,0,B20,B42
0.0932120466155608,Concrete,0,B20,C42
0.09117061490891719,Concrete,0,B20,D42
0.12360412142502565,Concrete,0,B20,B43
0.0819164265271162,Concrete,0,B20,C43
0.09619308387534324,Concrete,0,B20,D43
0.10496377565877296,Concrete,0,B20,B44
0.10495762313977236,Concrete,0,B20,C44
0.08932493939077629,Concrete,0,B20,D44
0.098881941164406,Concrete,0,B20,B51
0.09847438103630274,Concrete,0,B20,C51
0.076674143611938,Concrete,0,B20,D51
0.09920700229001711,Concrete,0,B20,B52
0.10115310026831877,Concrete,0,B20,C52
0.14027695171401142,Concrete,0,B20,D52
0.09670619463656378,Concrete,0,B20,B53
0.1049551872192981,Concrete,0,B20,C53
0.10151291932203202,Concrete,0,B20,D53
0.09476415445187832,Concrete,0,B20,B54
0.10366659874359384,Concrete,0,B20,C54
0.10007897423640397,Concrete,0,B20,D54
0.09503651109547383,Concrete,0,B20,B55
0.09746907295187175,Concrete,0,B20,C55
0.12844251457237174,Concrete,0,B20,D55
0.08745962122774573,Concrete,0,B20,B57
0.10349034092973809,Concrete,0,B20,C57
0.0949139919002399,Concrete,0,B20,D57
0.14245683686274685,Concrete,0,B20,B63
0.12975756971457728,Concrete,0,B20,C63
0.10478492680756568,Concrete,0,B20,D63
0.08771487547647243,Concrete,0,B20,B65
0.1057451076753562,Concrete,0,B20,C65
0.10045292920619191,Concrete,0,B20,D65
0.12429290325696442,Concrete,0,B20,B67
0.09206145579779798,Concrete,0,B20,C67
0.10493972038804039,Concrete,0,B20,D67
0.09086337729553702,Concrete,0,B20,B71
0.09154212352696917,Concrete,0,B20,C71
0.11001458481498776,Concrete,0,B20,D71
0.09692986714166243,Concrete,0,B20,B77
0.1427100017361985,Concrete,0,B20,C77
0.09045937152857643,Concrete,0,B20,D77
0.09016748166812524,Concrete,0,B20,B78
0.15749819502446638,Concrete,0,B20,C78
0.09314223858318302,Concrete,0,B20,D78
0.09859791082862139,Concrete,0,B20,B80
0.09221125249508065,Concrete,0,B20,C80
0.10468132613623504,Concrete,0,B20,D80
0.12350660269701806,Concrete,0,B20,B83
0.09898404501673516,Concrete,0,B20,C83
0.08870807924521282,Concrete,0,B20,D83
0.09413203709681792,Concrete,0,B20,B88
0.09207592723616627,Concrete,0,B20,C88
0.12764537841697132,Concrete,0,B20,D88
0.10359674680504231,Concrete,0,B20,B91
0.12241319886865434,Concrete,0,B20,C91
0.09328403467922838,Concrete,0,B20,D91
0.09773027512441305,Concrete,0,B20,B92
0.10600233336972091,Concrete,0,B20,C92
0.10138860786055719,Concrete,0,B20,D92
0.10414879921438598,Concrete,0,B20,B94
0.10199908201821031,Concrete,0,B20,C94
0.10903205934103617,Concrete,0,B20,D94
0.0684846729506369,Concrete,0,C20,D20
0.06535371893609233,Concrete,0,C20,B21
0.07833926684596634,Concrete,0,C20,C21
0.0778651715118578,Concrete,0,C20,D21
0.06853678575377399,Concrete,0,C20,B26
0.07770329334005718,Concrete,0,C20,C26
0.09545479765611506,Concrete,0,C20,D26
0.08952688745624057,Concrete,0,C20,B30
0.07288935578551578,Concrete,0,C20,C30
0.11823934470924514,Concrete,0,C20,D30
0.09365811778355883,Concrete,0,C20,B37
0.06765412682553601,Concrete,0,C20,C37
0.07364869573156212,Concrete,0,C20,D37
0.10206621912785196,Concrete,0,C20,B42
0.08043857157260649,Concrete,0,C20,C42
0.06855038171805994,Concrete,0,C20,D42
0.08641657197681314,Concrete,0,C20,B43
0.07726371511085554,Concrete,0,C20,C43
0.07934457457652938,Concrete,0,C20,D43
0.08720370051645882,Concrete,0,C20,B44
0.0802409505869977,Concrete,0,C20,C44
0.07055021745328942,Concrete,0,C20,D44
0.0700198455120157,Concrete,0,C20,B51
0.07394691094741425,Concrete,0,C20,C51
0.07370555323200254,Concrete,0,C20,D51
0.07042855706672499,Concrete,0,C20,B52
0.07586087111778003,Concrete,0,C20,C52
0.1101835164818688,Concrete,0,C20,D52
0.07688916123808366,Concrete,0,C20,B53
0.09684883508537416,Concrete,0,C20,C53
0.07275781554815193,Concrete,0,C20,D53
0.07224212254231226,Concrete,0,C20,B54
0.09395869424802361,Concrete,0,C20,C54
0.07842536551823417,Concrete,0,C20,D54
0.096026449590012,Concrete,0,C20,B55
0.06690816409943057,Concrete,0,C20,C55
0.11702986555262014,Concrete,0,C20,D55
0.08363525297279649,Concrete,0,C20,B57
0.07430749769319737,Concrete,0,C20,C57
0.06517913204518043,Concrete,0,C20,D57
0.10853339139437401,Concrete,0,C20,B63
0.09978775035502975,Concrete,0,C20,C63
0.07554401507741566,Concrete,0,C20,D63
0.06165988752395238,Concrete,0,C20,B65
0.07062120635711354,Concrete,0,C20,C65
0.08363663925702736,Concrete,0,C20,D65
0.10972096884142829,Concrete,0,C20,B67
0.06985700500093044,Concrete,0,C20,C67
0.07101219248708102,Concrete,0,C20,D67
0.08105089792499603,Concrete,0,C20,B71
0.06745099722917264,Concrete,0,C20,C71
0.09372219205944143,Concrete,0,C20,D71
0.07204328454701327,Concrete,0,C20,B77
0.13629280498865487,Concrete,0,C20,C77
0.07557765926521263,Concrete,0,C20,D77
0.07653443194753431,Concrete,0,C20,B78
0.09650353822104626,Concrete,0,C20,C78
0.0690046074057096,Concrete,0,C20,D78
0.07557018100518784,Concrete,0,C20,B80
0.0648078570431723,Concrete,0,C20,C80
0.07671579627362762,Concrete,0,C20,D80
0.08608586228088848,Concrete,0,C20,B83
0.064770126929765,Concrete,0,C20,C83
0.07886063181655813,Concrete,0,C20,D83
0.06830786625837615,Concrete,0,C20,B88
0.10757876128091971,Concrete,0,C20,C88
0.09522823696652731,Concrete,0,C20,D88
0.0765577053318383,Concrete,0,C20,B91
0.10122236729611521,Concrete,0,C20,C91
0.06674680036773455,Concrete,0,C20,D91
0.07317863763964604,Concrete,0,C20,B92
0.0782752373825651,Concrete,0,C20,C92
0.06903208331563303,Concrete,0,C20,D92
0.08639973235266399,Concrete,0,C20,B94
0.07651078546815895,Concrete,0,C20,C94
0.08481566644856407,Concrete,0,C20,D94
0.04847259596577648,Concrete,0,D20,B21
0.07390082218106771,Concrete,0,D20,C21
0.05527678933745606,Concrete,0,D20,D21
0.06278856051368871,Concrete,0,D20,B26
0.05894021200221297,Concrete,0,D20,C26
0.0633779914964201,Concrete,0,D20,D26
0.05705577883480176,Concrete,0,D20,B30
0.05593694353274578,Concrete,0,D20,C30
0.10084669175652874,Concrete,0,D20,D30
0.0639024813367697,Concrete,0,D20,B37
0.05998756802622275,Concrete,0,D20,C37
0.05244588421036375,Concrete,0,D20,D37
0.07039756469184782,Concrete,0,D20,B42
0.055876898434977396,Concrete,0,D20,C42
0.043782833549911825,Concrete,0,D20,D42
0.06651780023388915,Concrete,0,D20,B43
0.05379081192275088,Concrete,0,D20,C43
0.05750187466973028,Concrete,0,D20,D43
0.05526641085799123,Concrete,0,D20,B44
0.05430082054724051,Concrete,0,D20,C44
0.04866670859444675,Concrete,0,D20,D44
0.04957312146466061,Concrete,0,D20,B51
0.0467266603637023,Concrete,0,D20,C51
0.059008249616594635,Concrete,0,D20,D51
0.0490585054391292,Concrete,0,D20,B52
0.06895547913675919,Concrete,0,D20,C52
0.08113835596052929,Concrete,0,D20,D52
0.04878703243258987,Concrete,0,D20,B53
0.06567332994285169,Concrete,0,D20,C53
0.055959379028103336,Concrete,0,D20,D53
0.0541828402366995,Concrete,0,D20,B54
0.0736570938832671,Concrete,0,D20,C54
0.06201269212076694,Concrete,0,D20,D54
0.0789885424222734,Concrete,0,D20,B55
0.04960780808256748,Concrete,0,D20,C55
0.08279200056909684,Concrete,0,D20,D55
0.04873517614575645,Concrete,0,D20,B57
0.05057522133296568,Concrete,0,D20,C57
0.044984177900640535,Concrete,0,D20,D57
0.07650384071726904,Concrete,0,D20,B63
0.07124976885946975,Concrete,0,D20,C63
0.05058857648564457,Concrete,0,D20,D63
0.041869954546081035,Concrete,0,D20,B65
0.055697726197139655,Concrete,0,D20,C65
0.06419530711483457,Concrete,0,D20,D65
0.07316581599137355,Concrete,0,D20,B67
0.04911279681145923,Concrete,0,D20,C67
0.06079148695116859,Concrete,0,D20,D67
0.05769048862201247,Concrete,0,D20,B71
0.04536523815908056,Concrete,0,D20,C71
0.06786120124271207,Concrete,0,D20,D71
0.0538823440849518,Concrete,0,D20,B77
0.112597578950699,Concrete,0,D20,C77
0.05240628529950523,Concrete,0,D20,D77
0.05621371335213741,Concrete,0,D20,B78
0.07252158656200941,Concrete,0,D20,C78
0.04572075454526939,Concrete,0,D20,D78
0.051172722850041985,Concrete,0,D20,B80
0.04907448200659761,Concrete,0,D20,C80
0.05263006677193113,Concrete,0,D20,D80
0.06330387164921947,Concrete,0,D20,B83
0.04666635663176378,Concrete,0,D20,C83
0.058179538279689726,Concrete,0,D20,D83
0.053018460452373614,Concrete,0,D20,B88
0.10312686428028969,Concrete,0,D20,C88
0.0756260779256839,Concrete,0,D20,D88
0.06106405520279772,Concrete,0,D20,B91
0.07076123953918874,Concrete,0,D20,C91
0.04721175930591778,Concrete,0,D20,D91
0.04924447125276624,Concrete,0,D20,B92
0.05975794056078651,Concrete,0,D20,C92
0.04778399135417241,Concrete,0,D20,D92
0.0675385053249017,Concrete,0,D20,B94
0.06318917516209635,Concrete,0,D20,C94
0.06552623962305557,Concrete,0,D20,D94
0.07397304517383545,Concrete,0,B21,C21
0.047085404335209434,Concrete,0,B21,D21
0.05760951563124914,Concrete,0,B21,B26
0.06056149937185614,Concrete,0,B21,C26
0.05958027671841906,Concrete,0,B21,D26
0.047838495067559945,Concrete,0,B21,B30
0.05176761663487768,Concrete,0,B21,C30
0.08854897390282357,Concrete,0,B21,D30
0.06566718607100476,Concrete,0,B21,B37
0.05737932961812196,Concrete,0,B21,C37
0.04990715514995796,Concrete,0,B21,D37
0.07172254987828976,Concrete,0,B21,B42
0.04943949621892555,Concrete,0,B21,C42
0.04756983510574852,Concrete,0,B21,D42
0.07112336407895016,Concrete,0,B21,B43
0.04890665912533538,Concrete,0,B21,C43
0.058190220292517844,Concrete,0,B21,D43
0.06223040246978691,Concrete,0,B21,B44
0.051555828415184086,Concrete,0,B21,C44
0.0462015128553196,Concrete,0,B21,D44
0.0490084156138012,Concrete,0,B21,B51
0.05288929336127978,Concrete,0,B21,C51
0.060189677759430196,Concrete,0,B21,D51
0.04752336716255873,Concrete,0,B21,B52
0.0665646527785269,Concrete,0,B21,C52
0.08656435816088806,Concrete,0,B21,D52
0.045305491203500824,Concrete,0,B21,B53
0.0740867193189632,Concrete,0,B21,C53
0.049877898921244015,Concrete,0,B21,D53
0.05280337587669545,Concrete,0,B21,B54
0.06469223301718555,Concrete,0,B21,C54
0.058703530217322664,Concrete,0,B21,D54
0.0745434224806727,Concrete,0,B21,B55
0.04473049257239666,Concrete,0,B21,C55
0.09184888313480088,Concrete,0,B21,D55
0.056477393131067345,Concrete,0,B21,B57
0.04817204629845735,Concrete,0,B21,C57
0.0456711458916609,Concrete,0,B21,D57
0.07775211737730997,Concrete,0,B21,B63
0.07636193815431855,Concrete,0,B21,C63
0.050412631096935494,Concrete,0,B21,D63
0.04026069068753008,Concrete,0,B21,B65
0.05535356674690702,Concrete,0,B21,C65
0.05741884559237451,Concrete,0,B21,D65
0.0739623560382517,Concrete,0,B21,B67
0.045198994976004915,Concrete,0,B21,C67
0.050492559727630164,Concrete,0,B21,D67
0.055687680340879155,Concrete,0,B21,B71
0.04469384184872424,Concrete,0,B21,C71
0.0688043157940893,Concrete,0,B21,D71
0.05128400960476886,Concrete,0,B21,B77
0.11009313741126196,Concrete,0,B21,C77
0.05446652879552904,Concrete,0,B21,D77
0.05003007472971672,Concrete,0,B21,B78
0.08384873078384618,Concrete,0,B21,C78
0.04674441234828188,Concrete,0,B21,D78
0.05269185436903562,Concrete,0,B21,B80
0.05106111636336611,Concrete,0,B21,C80
0.0548995493570861,Concrete,0,B21,D80
0.06640740425966746,Concrete,0,B21,B83
0.05065905256349971,Concrete,0,B21,C83
0.054097024774071134,Concrete,0,B21,D83
0.0493536058955174,Concrete,0,B21,B88
0.09109416070684985,Concrete,0,B21,C88
0.07248649883308879,Concrete,0,B21,D88
0.060133522096764015,Concrete,0,B21,B91
0.06489156899833395,Concrete,0,B21,C91
0.044455810139739496,Concrete,0,B21,D91
0.049097243749379044,Concrete,0,B21,B92
0.05766279096479224,Concrete,0,B21,C92
0.04662888524766118,Concrete,0,B21,D92
0.06898947952193278,Concrete,0,B21,B94
0.06360782118090719,Concrete,0,B21,C94
0.07015947348235277,Concrete,0,B21,D94
0.0923866602833829,Concrete,0,C21,D21
0.10432938654092373,Concrete,0,C21,B26
0.08472345156044606,Concrete,0,C21,C26
0.07130590231071109,Concrete,0,C21,D26
0.08894780144420188,Concrete,0,C21,B30
0.07930658959991176,Concrete,0,C21,C30
0.15672611464696612,Concrete,0,C21,D30
0.10227290334653469,Concrete,0,C21,B37
0.07676038220642398,Concrete,0,C21,C37
0.07697578642678442,Concrete,0,C21,D37
0.10119932338114997,Concrete,0,C21,B42
0.08797545018387656,Concrete,0,C21,C42
0.06629901017030145,Concrete,0,C21,D42
0.08830438229746246,Concrete,0,C21,B43
0.08790828606768893,Concrete,0,C21,C43
0.08302514120760804,Concrete,0,C21,D43
0.08311261432111149,Concrete,0,C21,B44
0.07900433600797262,Concrete,0,C21,C44
0.0779867532508969,Concrete,0,C21,D44
0.0734733172842844,Concrete,0,C21,B51
0.07699831958992981,Concrete,0,C21,C51
0.08283737211949678,Concrete,0,C21,D51
0.07738037440680184,Concrete,0,C21,B52
0.07922039813833912,Concrete,0,C21,C52
0.14619997303048154,Concrete,0,C21,D52
0.0740383673757938,Concrete,0,C21,B53
0.09747698514345968,Concrete,0,C21,C53
0.08430166995039315,Concrete,0,C21,D53
0.08870515918949683,Concrete,0,C21,B54
0.08071217909772344,Concrete,0,C21,C54
0.09388343120122929,Concrete,0,C21,D54
0.11271772131619563,Concrete,0,C21,B55
0.0760865331485077,Concrete,0,C21,C55
0.1021640615027038,Concrete,0,C21,D55
0.07336178259306805,Concrete,0,C21,B57
0.07655100450385097,Concrete,0,C21,C57
0.07254250121846248,Concrete,0,C21,D57
0.10833768717545937,Concrete,0,C21,B63
0.10268371884440447,Concrete,0,C21,C63
0.07789072028893604,Concrete,0,C21,D63
0.06948442231205644,Concrete,0,C21,B65
0.09275230184406129,Concrete,0,C21,C65
0.09601085802231751,Concrete,0,C21,D65
0.10210134024623313,Concrete,0,C21,B67
0.0777246779683369,Concrete,0,C21,C67
0.0864408825668016,Concrete,0,C21,D67
0.08593096833420616,Concrete,0,C21,B71
0.07232953153212114,Concrete,0,C21,C71
0.08479733838903711,Concrete,0,C21,D71
0.08252566358899581,Concrete,0,C21,B77
0.11855999083397738,Concrete,0,C21,C77
0.08419284953365999,Concrete,0,C21,D77
0.07645271020010808,Concrete,0,C21,B78
0.09277957768929125,Concrete,0,C21,C78
0.07032929770982213,Concrete,0,C21,D78
0.07923338629325424,Concrete,0,C21,B80
0.07832911214061866,Concrete,0,C21,C80
0.07366824627208618,Concrete,0,C21,D80
0.09633166391034405,Concrete,0,C21,B83
0.0757607259915073,Concrete,0,C21,C83
0.0843935119456922,Concrete,0,C21,D83
0.07581547831966873,Concrete,0,C21,B88
0.0977097676972779,Concrete,0,C21,C88
0.09586287405451224,Concrete,0,C21,D88
0.09618483929046932,Concrete,0,C21,B91
0.12619822614968174,Concrete,0,C21,C91
0.06950571642017395,Concrete,0,C21,D91
0.07809667330352373,Concrete,0,C21,B92
0.10780141987061771,Concrete,0,C21,C92
0.0793514958697996,Concrete,0,C21,D92
0.07408853812910696,Concrete,0,C21,B94
0.09847390571445158,Concrete,0,C21,C94
0.07961382039201638,Concrete,0,C21,D94
0.07092111190815256,Concrete,0,D21,B26
0.06016996960143309,Concrete,0,D21,C26
0.07228223982609243,Concrete,0,D21,D26
0.056082928105067174,Concrete,0,D21,B30
0.05324728736494832,Concrete,0,D21,C30
0.0982631547733428,Concrete,0,D21,D30
0.06809613274893471,Concrete,0,D21,B37
0.06796260821586186,Concrete,0,D21,C37
0.0581169610515653,Concrete,0,D21,D37
0.07669348496946296,Concrete,0,D21,B42
0.05098240832277976,Concrete,0,D21,C42
0.054554639626528366,Concrete,0,D21,D42
0.08004316824913177,Concrete,0,D21,B43
0.055681254519963794,Concrete,0,D21,C43
0.06355208276069478,Concrete,0,D21,D43
0.056041816094655916,Concrete,0,D21,B44
0.05969458423906271,Concrete,0,D21,C44
0.049771060026142414,Concrete,0,D21,D44
0.06331835532764536,Concrete,0,D21,B51
0.056610544855709675,Concrete,0,D21,C51
0.06770266070516966,Concrete,0,D21,D51
0.055466285780024605,Concrete,0,D21,B52
0.07480210889138056,Concrete,0,D21,C52
0.09023522248766949,Concrete,0,D21,D52
0.05425869823734779,Concrete,0,D21,B53
0.07623185845997477,Concrete,0,D21,C53
0.05688517515658548,Concrete,0,D21,D53
0.060595467078251926,Concrete,0,D21,B54
0.07617805037717393,Concrete,0,D21,C54
0.06426847813775576,Concrete,0,D21,D54
0.08351969585663747,Concrete,0,D21,B55
0.052529657224275,Concrete,0,D21,C55
0.0925329787671804,Concrete,0,D21,D55
0.057148528598981445,Concrete,0,D21,B57
0.055767607876383934,Concrete,0,D21,C57
0.051677342752853135,Concrete,0,D21,D57
0.08383417102107751,Concrete,0,D21,B63
0.078282472145929,Concrete,0,D21,C63
0.062385570622562274,Concrete,0,D21,D63
0.049125865113680445,Concrete,0,D21,B65
0.05623567674502383,Concrete,0,D21,C65
0.05900712012330104,Concrete,0,D21,D65
0.06770802193312817,Concrete,0,D21,B67
0.04966324061321567,Concrete,0,D21,C67
0.05860019366710128,Concrete,0,D21,D67
0.05672406214679106,Concrete,0,D21,B71
0.056284737101934046,Concrete,0,D21,C71
0.07005900023831929,Concrete,0,D21,D71
0.05080937122548517,Concrete,0,D21,B77
0.12630070202694704,Concrete,0,D21,C77
0.06006554369633079,Concrete,0,D21,D77
0.05971450292574087,Concrete,0,D21,B78
0.08445042441368175,Concrete,0,D21,C78
0.05508566583983189,Concrete,0,D21,D78
0.059702004486924476,Concrete,0,D21,B80
0.052387061398348304,Concrete,0,D21,C80
0.058358955911806266,Concrete,0,D21,D80
0.06834411318620305,Concrete,0,D21,B83
0.05730594678385959,Concrete,0,D21,C83
0.06520176262207561,Concrete,0,D21,D83
0.06123902410589793,Concrete,0,D21,B88
0.09652915593762455,Concrete,0,D21,C88
0.0830182541876276,Concrete,0,D21,D88
0.07119263396533528,Concrete,0,D21,B91
0.0722303573969556,Concrete,0,D21,C91
0.05242903815965203,Concrete,0,D21,D91
0.05778256990531315,Concrete,0,D21,B92
0.05730366283190682,Concrete,0,D21,C92
0.055005500877202775,Concrete,0,D21,D92
0.07119997282492496,Concrete,0,D21,B94
0.07049315157984959,Concrete,0,D21,C94
0.0779503875004293,Concrete,0,D21,D94
0.0638400937384231,Concrete,0,B26,C26
0.10507484367122755,Concrete,0,B26,D26
0.0626673631650562,Concrete,0,B26,B30
0.06435394077133626,Concrete,0,B26,C30
0.09312291099435603,Concrete,0,B26,D30
0.08223364515782157,Concrete,0,B26,B37
0.06909250350752352,Concrete,0,B26,C37
0.059082873462376416,Concrete,0,B26,D37
0.07838659906630974,Concrete,0,B26,B42
0.0641095909990961,Concrete,0,B26,C42
0.06771006607443461,Concrete,0,B26,D42
0.08851401923497894,Concrete,0,B26,B43
0.06890813344533955,Concrete,0,B26,C43
0.07684765050294022,Concrete,0,B26,D43
0.07912247108849466,Concrete,0,B26,B44
0.06865248971747372,Concrete,0,B26,C44
0.05769573738900339,Concrete,0,B26,D44
0.06700483150784092,Concrete,0,B26,B51
0.0726751804513573,Concrete,0,B26,C51
0.061923974065093874,Concrete,0,B26,D51
0.06103097981887502,Concrete,0,B26,B52
0.07752539763072863,Concrete,0,B26,C52
0.0959026104315196,Concrete,0,B26,D52
0.07492466987565191,Concrete,0,B26,B53
0.08641984720203373,Concrete,0,B26,C53
0.06233575504652355,Concrete,0,B26,D53
0.06453593685520155,Concrete,0,B26,B54
0.09218675275390453,Concrete,0,B26,C54
0.0624385092975393,Concrete,0,B26,D54
0.09084826985556632,Concrete,0,B26,B55
0.05899761330217108,Concrete,0,B26,C55
0.11424137776427806,Concrete,0,B26,D55
0.06795351301987486,Concrete,0,B26,B57
0.0621253940736688,Concrete,0,B26,C57
0.05980137987017841,Concrete,0,B26,D57
0.10079754595335674,Concrete,0,B26,B63
0.08557691597924286,Concrete,0,B26,C63
0.06648038803712109,Concrete,0,B26,D63
0.05479439610974394,Concrete,0,B26,B65
0.05776883918128035,Concrete,0,B26,C65
0.0658379363989085,Concrete,0,B26,D65
0.09531976438742175,Concrete,0,B26,B67
0.05779706757351614,Concrete,0,B26,C67
0.06421271726191163,Concrete,0,B26,D67
0.07152547328294628,Concrete,0,B26,B71
0.06112514264794436,Concrete,0,B26,C71
0.07812457639614384,Concrete,0,B26,D71
0.06892676857148437,Concrete,0,B26,B77
0.1540382752976058,Concrete,0,B26,C77
0.06599567860858516,Concrete,0,B26,D77
0.06980241163307106,Concrete,0,B26,B78
0.08994926840952666,Concrete,0,B26,C78
0.06049936225678592,Concrete,0,B26,D78
0.07410817857529395,Concrete,0,B26,B80
0.058338545846938726,Concrete,0,B26,C80
0.06104967528301198,Concrete,0,B26,D80
0.08845597004803904,Concrete,0,B26,B83
0.06079613027770445,Concrete,0,B26,C83
0.079214440201644,Concrete,0,B26,D83
0.05883638596283877,Concrete,0,B26,B88
0.10708150299383185,Concrete,0,B26,C88
0.08497206461109462,Concrete,0,B26,D88
0.06404705790663127,Concrete,0,B26,B91
0.08250090789723324,Concrete,0,B26,C91
0.06610270040697992,Concrete,0,B26,D91
0.0656145363499585,Concrete,0,B26,B92
0.0652684383102074,Concrete,0,B26,C92
0.062288497793726624,Concrete,0,B26,D92
0.0746497150945961,Concrete,0,B26,B94
0.05796345137514311,Concrete,0,B26,C94
0.090672211140075,Concrete,0,B26,D94
0.0747293987305719,Concrete,0,C26,D26
0.06204569097482596,Concrete,0,C26,B30
0.06306323905715427,Concrete,0,C26,C30
0.09926811628762876,Concrete,0,C26,D30
0.0806132696449374,Concrete,0,C26,B37
0.06644987878285714,Concrete,0,C26,C37
0.0592743700691566,Concrete,0,C26,D37
0.07697158621059326,Concrete,0,C26,B42
0.0736156558658448,Concrete,0,C26,C42
0.05355310270667238,Concrete,0,C26,D42
0.06354870739993361,Concrete,0,C26,B43
0.06317642842777269,Concrete,0,C26,C43
0.08262205654433134,Concrete,0,C26,D43
0.07028852556849877,Concrete,0,C26,B44
0.05948018479202551,Concrete,0,C26,C44
0.05079652465442948,Concrete,0,C26,D44
0.061208452384964813,Concrete,0,C26,B51
0.05995609357312119,Concrete,0,C26,C51
0.06677039469835618,Concrete,0,C26,D51
0.06067004259108689,Concrete,0,C26,B52
0.07021646213999605,Concrete,0,C26,C52
0.08090343416119304,Concrete,0,C26,D52
0.06038243542628007,Concrete,0,C26,B53
0.07506407906943793,Concrete,0,C26,C53
0.059123171766942366,Concrete,0,C26,D53
0.05609168512849573,Concrete,0,C26,B54
0.08289496480670909,Concrete,0,C26,C54
0.0671987152911169,Concrete,0,C26,D54
0.08970873335110814,Concrete,0,C26,B55
0.05336730399535933,Concrete,0,C26,C55
0.09450813937713187,Concrete,0,C26,D55
0.06645337926520872,Concrete,0,C26,B57
0.05357435332253528,Concrete,0,C26,C57
0.059868497785313605,Concrete,0,C26,D57
0.08903858736045937,Concrete,0,C26,B63
0.0802062080392778,Concrete,0,C26,C63
0.07056374268108287,Concrete,0,C26,D63
0.045459705366312934,Concrete,0,C26,B65
0.05775394335538667,Concrete,0,C26,C65
0.062579320603748,Concrete,0,C26,D65
0.08061062787417442,Concrete,0,C26,B67
0.0567307184181058,Concrete,0,C26,C67
0.06241939967151857,Concrete,0,C26,D67
0.07470976811248588,Concrete,0,C26,B71
0.060348316391627486,Concrete,0,C26,C71
0.08279601065498535,Concrete,0,C26,D71
0.057967153103842775,Concrete,0,C26,B77
0.11937369406891608,Concrete,0,C26,C77
0.05441978621439126,Concrete,0,C26,D77
0.06507446083931458,Concrete,0,C26,B78
0.08245322361394025,Concrete,0,C26,C78
0.05504856949347879,Concrete,0,C26,D78
0.06028118805121404,Concrete,0,C26,B80
0.057465373665776975,Concrete,0,C26,C80
0.059377591988686175,Concrete,0,C26,D80
0.07374349062363311,Concrete,0,C26,B83
0.0592263815835495,Concrete,0,C26,C83
0.07926947162944674,Concrete,0,C26,D83
0.058666569408254224,Concrete,0,C26,B88
0.10145183002188783,Concrete,0,C26,C88
0.08414859958100819,Concrete,0,C26,D88
0.06918862432969082,Concrete,0,C26,B91
0.0793825670125455,Concrete,0,C26,C91
0.060548020080935974,Concrete,0,C26,D91
0.05724301807533947,Concrete,0,C26,B92
0.0698494373125462,Concrete,0,C26,C92
0.04852633542874687,Concrete,0,C26,D92
0.0660571436870815,Concrete,0,C26,B94
0.06817152763511791,Concrete,0,C26,C94
0.07631510762443101,Concrete,0,C26,D94
0.061716150001500054,Concrete,0,D26,B30
0.07435504612736485,Concrete,0,D26,C30
0.12744135839954324,Concrete,0,D26,D30
0.08281594261398287,Concrete,0,D26,B37
0.07724911313568567,Concrete,0,D26,C37
0.0657764494499224,Concrete,0,D26,D37
0.08934793153684181,Concrete,0,D26,B42
0.07553265008506276,Concrete,0,D26,C42
0.06163281974812038,Concrete,0,D26,D42
0.07021881507354798,Concrete,0,D26,B43
0.06883140802686298,Concrete,0,D26,C43
0.08135095133508181,Concrete,0,D26,D43
0.07402837733057636,Concrete,0,D26,B44
0.0725620144986047,Concrete,0,D26,C44
0.06298836220178598,Concrete,0,D26,D44
0.07297166765432238,Concrete,0,D26,B51
0.07172417218527105,Concrete,0,D26,C51
0.0778337229182232,Concrete,0,D26,D51
0.06460927671923734,Concrete,0,D26,B52
0.08170717531220298,Concrete,0,D26,C52
0.09661034814663624,Concrete,0,D26,D52
0.050397759060254316,Concrete,0,D26,B53
0.08544985777494173,Concrete,0,D26,C53
0.06924252892517754,Concrete,0,D26,D53
0.0704009985658752,Concrete,0,D26,B54
0.09173986688062437,Concrete,0,D26,C54
0.09536137543354599,Concrete,0,D26,D54
0.09306128082703556,Concrete,0,D26,B55
0.06235311335457787,Concrete,0,D26,C55
0.07168975658392095,Concrete,0,D26,D55
0.06484809714959304,Concrete,0,D26,B57
0.0626338642443156,Concrete,0,D26,C57
0.06410434733914404,Concrete,0,D26,D57
0.09281582099139936,Concrete,0,D26,B63
0.09131133241789638,Concrete,0,D26,C63
0.07081644932354014,Concrete,0,D26,D63
0.061651920519955744,Concrete,0,D26,B65
0.0955585437849201,Concrete,0,D26,C65
0.0913253389116825,Concrete,0,D26,D65
0.07644155696099361,Concrete,0,D26,B67
0.06028578970731738,Concrete,0,D26,C67
0.07533796086487747,Concrete,0,D26,D67
0.0745507669696813,Concrete,0,D26,B71
0.0691563974632804,Concrete,0,D26,C71
0.08952784448298304,Concrete,0,D26,D71
0.06937347242829658,Concrete,0,D26,B77
0.09855665211429539,Concrete,0,D26,C77
0.07425702922290897,Concrete,0,D26,D77
0.06430000380930907,Concrete,0,D26,B78
0.10260176868873372,Concrete,0,D26,C78
0.06527498061743983,Concrete,0,D26,D78
0.0534073967484904,Concrete,0,D26,B80
0.06680156778602177,Concrete,0,D26,C80
0.07043100681255063,Concrete,0,D26,D80
0.08630142815199116,Concrete,0,D26,B83
0.06805516333925443,Concrete,0,D26,C83
0.07527317846471226,Concrete,0,D26,D83
0.06808242798892672,Concrete,0,D26,B88
0.10919454373170309,Concrete,0,D26,C88
0.09137617130108523,Concrete,0,D26,D88
0.0859382588102554,Concrete,0,D26,B91
0.08680482775892184,Concrete,0,D26,C91
0.0698130931296679,Concrete,0,D26,D91
0.06805591177493744,Concrete,0,D26,B92
0.10140847107525366,Concrete,0,D26,C92
0.06557517221390317,Concrete,0,D26,D92
0.08146814182289044,Concrete,0,D26,B94
0.09840471374063049,Concrete,0,D26,C94
0.08758672563004022,Concrete,0,D26,D94
0.0615897423274062,Concrete,0,B30,C30
0.1008497816955244,Concrete,0,B30,D30
0.06504268732501267,Concrete,0,B30,B37
0.06822125267286672,Concrete,0,B30,C37
0.049891086588391406,Concrete,0,B30,D37
0.07532507950929589,Concrete,0,B30,B42
0.061794886918397046,Concrete,0,B30,C42
0.05300279273751087,Concrete,0,B30,D42
0.0766846251069634,Concrete,0,B30,B43
0.060967250630612424,Concrete,0,B30,C43
0.07619322084826699,Concrete,0,B30,D43
0.06323148265576689,Concrete,0,B30,B44
0.057037958829973416,Concrete,0,B30,C44
0.04895582994048771,Concrete,0,B30,D44
0.057716386584119136,Concrete,0,B30,B51
0.06103232172927784,Concrete,0,B30,C51
0.06526651028245364,Concrete,0,B30,D51
0.05780898553655046,Concrete,0,B30,B52
0.07226988241964037,Concrete,0,B30,C52
0.08990739170670657,Concrete,0,B30,D52
0.04464477564144461,Concrete,0,B30,B53
0.0734617257359684,Concrete,0,B30,C53
0.05555583151695322,Concrete,0,B30,D53
0.05750316887028145,Concrete,0,B30,B54
0.07812717146141811,Concrete,0,B30,C54
0.0661109249113016,Concrete,0,B30,D54
0.08430339309231283,Concrete,0,B30,B55
0.05588002392963421,Concrete,0,B30,C55
0.0936124673498594,Concrete,0,B30,D55
0.048733099052530746,Concrete,0,B30,B57
0.05507149763733609,Concrete,0,B30,C57
0.04997713804646634,Concrete,0,B30,D57
0.08712512119468512,Concrete,0,B30,B63
0.07836919153160637,Concrete,0,B30,C63
0.05629490954387191,Concrete,0,B30,D63
0.04864358632106981,Concrete,0,B30,B65
0.06092960044310943,Concrete,0,B30,C65
0.05947642079559394,Concrete,0,B30,D65
0.06875096282507089,Concrete,0,B30,B67
0.0457406704485906,Concrete,0,B30,C67
0.06427246155713813,Concrete,0,B30,D67
0.060816882227132434,Concrete,0,B30,B71
0.053528091203199464,Concrete,0,B30,C71
0.07704555081288565,Concrete,0,B30,D71
0.053067685306479664,Concrete,0,B30,B77
0.11905731061061775,Concrete,0,B30,C77
0.06521940744947395,Concrete,0,B30,D77
0.05871128291307071,Concrete,0,B30,B78
0.08909322966997589,Concrete,0,B30,C78
0.05429099893825013,Concrete,0,B30,D78
0.059809676211488395,Concrete,0,B30,B80
0.054132675641758575,Concrete,0,B30,C80
0.056475955404031615,Concrete,0,B30,D80
0.07233246322116196,Concrete,0,B30,B83
0.05616282376497646,Concrete,0,B30,C83
0.06330057873861042,Concrete,0,B30,D83
0.0575120003188983,Concrete,0,B30,B88
0.09188323089192758,Concrete,0,B30,C88
0.07684033776425536,Concrete,0,B30,D88
0.06032867075235408,Concrete,0,B30,B91
0.07251634778625157,Concrete,0,B30,C91
0.06017908937424857,Concrete,0,B30,D91
0.055606351201009714,Concrete,0,B30,B92
0.06907851080423903,Concrete,0,B30,C92
0.050369281302856825,Concrete,0,B30,D92
0.07005192941959809,Concrete,0,B30,B94
0.06690327063889538,Concrete,0,B30,C94
0.08275360970620527,Concrete,0,B30,D94
0.08936087458357017,Concrete,0,C30,D30
0.06970626453754196,Concrete,0,C30,B37
0.06733571221369956,Concrete,0,C30,C37
0.052491466136851905,Concrete,0,C30,D37
0.0783749074107643,Concrete,0,C30,B42
0.0509095499003607,Concrete,0,C30,C42
0.052853366782876415,Concrete,0,C30,D42
0.08153063344227544,Concrete,0,C30,B43
0.054483687034585275,Concrete,0,C30,C43
0.060334986722697846,Concrete,0,C30,D43
0.06703275612325141,Concrete,0,C30,B44
0.05849744842936157,Concrete,0,C30,C44
0.04812092808426182,Concrete,0,C30,D44
0.051657235587015744,Concrete,0,C30,B51
0.058272036089322,Concrete,0,C30,C51
0.06579166105777733,Concrete,0,C30,D51
0.05301058297583107,Concrete,0,C30,B52
0.0710152319552561,Concrete,0,C30,C52
0.0933892454338364,Concrete,0,C30,D52
0.05396743047215436,Concrete,0,C30,B53
0.0744600800365456,Concrete,0,C30,C53
0.054452047394809036,Concrete,0,C30,D53
0.06187287659747098,Concrete,0,C30,B54
0.0789403712436563,Concrete,0,C30,C54
0.0642229818981118,Concrete,0,C30,D54
0.07438434642706543,Concrete,0,C30,B55
0.05089209118386844,Concrete,0,C30,C55
0.08760113733072451,Concrete,0,C30,D55
0.06255368770549498,Concrete,0,C30,B57
0.05354158355634509,Concrete,0,C30,C57
0.04931566499694025,Concrete,0,C30,D57
0.08849252259128337,Concrete,0,C30,B63
0.08036271031514546,Concrete,0,C30,C63
0.057998321608601806,Concrete,0,C30,D63
0.04737889473056658,Concrete,0,C30,B65
0.0649010749284117,Concrete,0,C30,C65
0.0612185430937075,Concrete,0,C30,D65
0.07400840903097852,Concrete,0,C30,B67
0.05518751173097829,Concrete,0,C30,C67
0.05871152390253684,Concrete,0,C30,D67
0.047004680159169136,Concrete,0,C30,B71
0.05349913594746627,Concrete,0,C30,C71
0.0710338545215237,Concrete,0,C30,D71
0.053736912391306305,Concrete,0,C30,B77
0.11394607670066512,Concrete,0,C30,C77
0.06047004481581084,Concrete,0,C30,D77
0.05533976833933861,Concrete,0,C30,B78
0.08709932983864584,Concrete,0,C30,C78
0.04959543269650361,Concrete,0,C30,D78
0.05335907751960106,Concrete,0,C30,B80
0.05075491364675788,Concrete,0,C30,C80
0.05427319248324136,Concrete,0,C30,D80
0.07298687543740875,Concrete,0,C30,B83
0.04960876706798878,Concrete,0,C30,C83
0.06113467819760179,Concrete,0,C30,D83
0.05149648060662616,Concrete,0,C30,B88
0.09800863271801041,Concrete,0,C30,C88
0.0688127429207114,Concrete,0,C30,D88
0.06668795156927303,Concrete,0,C30,B91
0.07854155976575457,Concrete,0,C30,C91
0.05125129099207446,Concrete,0,C30,D91
0.058418628353898584,Concrete,0,C30,B92
0.06621303102930762,Concrete,0,C30,C92
0.055580858716046996,Concrete,0,C30,D92
0.07196746312849969,Concrete,0,C30,B94
0.06232734331365244,Concrete,0,C30,C94
0.07882415758052365,Concrete,0,C30,D94
0.12128163333610799,Concrete,0,D30,B37
0.13995969994338028,Concrete,0,D30,C37
0.08402978089505667,Concrete,0,D30,D37
0.08886799019776284,Concrete,0,D30,B42
0.10229144697949145,Concrete,0,D30,C42
0.09185134516556631,Concrete,0,D30,D42
0.11148460485003876,Concrete,0,D30,B43
0.09502526912826549,Concrete,0,D30,C43
0.11209089142859928,Concrete,0,D30,D43
0.11095093918205225,Concrete,0,D30,B44
0.10711824604944589,Concrete,0,D30,C44
0.08655438977842408,Concrete,0,D30,D44
0.09427917871475773,Concrete,0,D30,B51
0.1001555460477274,Concrete,0,D30,C51
0.11252008743709568,Concrete,0,D30,D51
0.09092260959435226,Concrete,0,D30,B52
0.13703173543153577,Concrete,0,D30,C52
0.11897638116726089,Concrete,0,D30,D52
0.10842955976614012,Concrete,0,D30,B53
0.10084263324335874,Concrete,0,D30,C53
0.09304357279568302,Concrete,0,D30,D53
0.09427213363448711,Concrete,0,D30,B54
0.13658838976016838,Concrete,0,D30,C54
0.10028664315040614,Concrete,0,D30,D54
0.1251593019951238,Concrete,0,D30,B55
0.0910044653799646,Concrete,0,D30,C55
0.1485496369738203,Concrete,0,D30,D55
0.11614035936839227,Concrete,0,D30,B57
0.0923506176668945,Concrete,0,D30,C57
0.09696439262332979,Concrete,0,D30,D57
0.12640788601238184,Concrete,0,D30,B63
0.1038290590750419,Concrete,0,D30,C63
0.09619418537489371,Concrete,0,D30,D63
0.0889177947957409,Concrete,0,D30,B65
0.08792530312940623,Concrete,0,D30,C65
0.09427428208757466,Concrete,0,D30,D65
0.1049001356329216,Concrete,0,D30,B67
0.08892723009042679,Concrete,0,D30,C67
0.08824431141417416,Concrete,0,D30,D67
0.0939999779573383,Concrete,0,D30,B71
0.089050018437109,Concrete,0,D30,C71
0.13064955164202516,Concrete,0,D30,D71
0.09934073095938045,Concrete,0,D30,B77
0.17709640298075952,Concrete,0,D30,C77
0.09779011327879514,Concrete,0,D30,D77
0.09519580659286846,Concrete,0,D30,B78
0.13825622904055254,Concrete,0,D30,C78
0.09465745433923448,Concrete,0,D30,D78
0.09365925971865988,Concrete,0,D30,B80
0.09432170836552074,Concrete,0,D30,C80
0.10723878058590704,Concrete,0,D30,D80
0.0853953552809387,Concrete,0,D30,B83
0.09814424856212077,Concrete,0,D30,C83
0.09394414388722315,Concrete,0,D30,D83
0.09300048657683135,Concrete,0,D30,B88
0.16607296047499095,Concrete,0,D30,C88
0.10053565061454986,Concrete,0,D30,D88
0.09157453431268729,Concrete,0,D30,B91
0.08138682258908736,Concrete,0,D30,C91
0.09438322802884566,Concrete,0,D30,D91
0.09422781892186122,Concrete,0,D30,B92
0.09387809932911156,Concrete,0,D30,C92
0.08790187634431494,Concrete,0,D30,D92
0.12629398907345335,Concrete,0,D30,B94
0.08794198847325051,Concrete,0,D30,C94
0.1399309788698195,Concrete,0,D30,D94
0.06546542534712456,Concrete,0,B37,C37
0.06864665014986926,Concrete,0,B37,D37
0.09714130070500424,Concrete,0,B37,B42
0.06869779609068935,Concrete,0,B37,C42
0.0636597869051353,Concrete,0,B37,D42
0.08844658875925747,Concrete,0,B37,B43
0.07319803585522669,Concrete,0,B37,C43
0.07854736138626663,Concrete,0,B37,D43
0.065899120957612,Concrete,0,B37,B44
0.07604621969474823,Concrete,0,B37,C44
0.0658546957184778,Concrete,0,B37,D44
0.07036501208097536,Concrete,0,B37,B51
0.06653998372611343,Concrete,0,B37,C51
0.0703494482416891,Concrete,0,B37,D51
0.0722637781578898,Concrete,0,B37,B52
0.0966344220539905,Concrete,0,B37,C52
0.09898096365653238,Concrete,0,B37,D52
0.06836908686361687,Concrete,0,B37,B53
0.0902582278576982,Concrete,0,B37,C53
0.08037185975917689,Concrete,0,B37,D53
0.07230149737593389,Concrete,0,B37,B54
0.09720167249674742,Concrete,0,B37,C54
0.0773308194613286,Concrete,0,B37,D54
0.08896259432226145,Concrete,0,B37,B55
0.06813755638372081,Concrete,0,B37,C55
0.08859077770029282,Concrete,0,B37,D55
0.061659103655702485,Concrete,0,B37,B57
0.06681806725133757,Concrete,0,B37,C57
0.05570585998152039,Concrete,0,B37,D57
0.12063070494728963,Concrete,0,B37,B63
0.09647228117864551,Concrete,0,B37,C63
0.06876766305855038,Concrete,0,B37,D63
0.061230046695631146,Concrete,0,B37,B65
0.07399225470178496,Concrete,0,B37,C65
0.08407734838752463,Concrete,0,B37,D65
0.08893878709790765,Concrete,0,B37,B67
0.07018829592078275,Concrete,0,B37,C67
0.07353989493167186,Concrete,0,B37,D67
0.07525532274626894,Concrete,0,B37,B71
0.0699856298376612,Concrete,0,B37,C71
0.08950383746075177,Concrete,0,B37,D71
0.06873032218315848,Concrete,0,B37,B77
0.12447125795026674,Concrete,0,B37,C77
0.07160235783521475,Concrete,0,B37,D77
0.07073639161795514,Concrete,0,B37,B78
0.11585511859497671,Concrete,0,B37,C78
0.0648320672751117,Concrete,0,B37,D78
0.06964529011268343,Concrete,0,B37,B80
0.06922829915281943,Concrete,0,B37,C80
0.08166692573412455,Concrete,0,B37,D80
0.08009431682882598,Concrete,0,B37,B83
0.0712724759754953,Concrete,0,B37,C83
0.08274667931286829,Concrete,0,B37,D83
0.06870681016508286,Concrete,0,B37,B88
0.09510215581160252,Concrete,0,B37,C88
0.11090702202371638,Concrete,0,B37,D88
0.08545249460906798,Concrete,0,B37,B91
0.09720019080576162,Concrete,0,B37,C91
0.06382535926191388,Concrete,0,B37,D91
0.07453044708650454,Concrete,0,B37,B92
0.07631526905913132,Concrete,0,B37,C92
0.06849011366605572,Concrete,0,B37,D92
0.09197497762525178,Concrete,0,B37,B94
0.08211814187991201,Concrete,0,B37,C94
0.0878735401930032,Concrete,0,B37,D94
0.0636198103506026,Concrete,0,C37,D37
0.10950121435502,Concrete,0,C37,B42
0.0634528560680838,Concrete,0,C37,C42
0.06162844650741587,Concrete,0,C37,D42
0.07954016663590971,Concrete,0,C37,B43
0.06559994999867709,Concrete,0,C37,C43
0.07534437329317768,Concrete,0,C37,D43
0.07157304976867918,Concrete,0,C37,B44
0.07731939337368715,Concrete,0,C37,C44
0.05935523299221285,Concrete,0,C37,D44
0.06706825273531564,Concrete,0,C37,B51
0.07394289460303355,Concrete,0,C37,C51
0.057334992722094545,Concrete,0,C37,D51
0.06798921797066329,Concrete,0,C37,B52
0.0652836529244973,Concrete,0,C37,C52
0.10793806455918077,Concrete,0,C37,D52
0.06295485075136563,Concrete,0,C37,B53
0.0978965515427358,Concrete,0,C37,C53
0.06674274927590595,Concrete,0,C37,D53
0.07076959819822126,Concrete,0,C37,B54
0.08250637644551138,Concrete,0,C37,C54
0.07809150644020238,Concrete,0,C37,D54
0.08199635336639527,Concrete,0,C37,B55
0.0634926065006403,Concrete,0,C37,C55
0.09252184809492234,Concrete,0,C37,D55
0.07036073492685652,Concrete,0,C37,B57
0.06084480135880345,Concrete,0,C37,C57
0.05957660442011174,Concrete,0,C37,D57
0.11172321636537229,Concrete,0,C37,B63
0.10161323084498076,Concrete,0,C37,C63
0.06909463953622853,Concrete,0,C37,D63
0.05357615991995621,Concrete,0,C37,B65
0.06913691818941055,Concrete,0,C37,C65
0.0719026227838683,Concrete,0,C37,D65
0.10923713522176767,Concrete,0,C37,B67
0.05761946225337966,Concrete,0,C37,C67
0.06789091472350348,Concrete,0,C37,D67
0.0722965693773734,Concrete,0,C37,B71
0.06482705173208972,Concrete,0,C37,C71
0.0818896369657162,Concrete,0,C37,D71
0.06534072744286745,Concrete,0,C37,B77
0.101521460760338,Concrete,0,C37,C77
0.06710465417292552,Concrete,0,C37,D77
0.07131868813978731,Concrete,0,C37,B78
0.10734636851351124,Concrete,0,C37,C78
0.06268505507477712,Concrete,0,C37,D78
0.06818787130331559,Concrete,0,C37,B80
0.05940119758418421,Concrete,0,C37,C80
0.06888788435398299,Concrete,0,C37,D80
0.09146182359090829,Concrete,0,C37,B83
0.06467681863592123,Concrete,0,C37,C83
0.0738699448729141,Concrete,0,C37,D83
0.0604469923167721,Concrete,0,C37,B88
0.07502017196618134,Concrete,0,C37,C88
0.08552738513109542,Concrete,0,C37,D88
0.07729901473091055,Concrete,0,C37,B91
0.1044841348383384,Concrete,0,C37,C91
0.06109709337490796,Concrete,0,C37,D91
0.06837857349787854,Concrete,0,C37,B92
0.07773499310339192,Concrete,0,C37,C92
0.05730838278537942,Concrete,0,C37,D92
0.07782803249944746,Concrete,0,C37,B94
0.0730685521909198,Concrete,0,C37,C94
0.06875155798374813,Concrete,0,C37,D94
0.07019397851197207,Concrete,0,D37,B42
0.058370525999939166,Concrete,0,D37,C42
0.04793492516201653,Concrete,0,D37,D42
0.07024911034593329,Concrete,0,D37,B43
0.058873505401043066,Concrete,0,D37,C43
0.07021351305227654,Concrete,0,D37,D43
0.06160417901038577,Concrete,0,D37,B44
0.05859497551122426,Concrete,0,D37,C44
0.04535564691908449,Concrete,0,D37,D44
0.0530493879589137,Concrete,0,D37,B51
0.05933181247611017,Concrete,0,D37,C51
0.06829559524789992,Concrete,0,D37,D51
0.05378676398770576,Concrete,0,D37,B52
0.07074813235017591,Concrete,0,D37,C52
0.08686447279967681,Concrete,0,D37,D52
0.05267949802920456,Concrete,0,D37,B53
0.07360463343930702,Concrete,0,D37,C53
0.05386896909012599,Concrete,0,D37,D53
0.057319216663973015,Concrete,0,D37,B54
0.07464767744914175,Concrete,0,D37,C54
0.06083189976766236,Concrete,0,D37,D54
0.08291558450849137,Concrete,0,D37,B55
0.05087449200839202,Concrete,0,D37,C55
0.09090772432282355,Concrete,0,D37,D55
0.05616332195712916,Concrete,0,D37,B57
0.04815990315196008,Concrete,0,D37,C57
0.05717111854130212,Concrete,0,D37,D57
0.08887741663771062,Concrete,0,D37,B63
0.0729034270108316,Concrete,0,D37,C63
0.056546205771801486,Concrete,0,D37,D63
0.045323065903914585,Concrete,0,D37,B65
0.05615018179058686,Concrete,0,D37,C65
0.062306437595433924,Concrete,0,D37,D65
0.07217377476449569,Concrete,0,D37,B67
0.044451075723429705,Concrete,0,D37,C67
0.05881493071960072,Concrete,0,D37,D67
0.05623627237485609,Concrete,0,D37,B71
0.04978757949749441,Concrete,0,D37,C71
0.07515611424008464,Concrete,0,D37,D71
0.055822801296197815,Concrete,0,D37,B77
0.12255897236050148,Concrete,0,D37,C77
0.0586545095068008,Concrete,0,D37,D77
0.052878938621123396,Concrete,0,D37,B78
0.08106103728562163,Concrete,0,D37,C78
0.05228823092261837,Concrete,0,D37,D78
0.055631178758970216,Concrete,0,D37,B80
0.04826623768055287,Concrete,0,D37,C80
0.050039876318577814,Concrete,0,D37,D80
0.07238315609912435,Concrete,0,D37,B83
0.056590984310172454,Concrete,0,D37,C83
0.06218696898039381,Concrete,0,D37,D83
0.045965232936272304,Concrete,0,D37,B88
0.08944444387071922,Concrete,0,D37,C88
0.07680527524077864,Concrete,0,D37,D88
0.0592537349559984,Concrete,0,D37,B91
0.07937868926841957,Concrete,0,D37,C91
0.055112634237060004,Concrete,0,D37,D91
0.05018522395510936,Concrete,0,D37,B92
0.0665326953866816,Concrete,0,D37,C92
0.04935587297036198,Concrete,0,D37,D92
0.06796312177404643,Concrete,0,D37,B94
0.061935842344258335,Concrete,0,D37,C94
0.08308396158507755,Concrete,0,D37,D94
0.08395697539022752,Concrete,0,B42,C42
0.06854109575175651,Concrete,0,B42,D42
0.0876545962946011,Concrete,0,B42,B43
0.0751610392618262,Concrete,0,B42,C43
0.08793439002078304,Concrete,0,B42,D43
0.08281578312430815,Concrete,0,B42,B44
0.07731517705957987,Concrete,0,B42,C44
0.07349743091930824,Concrete,0,B42,D44
0.07192848141690626,Concrete,0,B42,B51
0.08766866407255412,Concrete,0,B42,C51
0.0900847582303555,Concrete,0,B42,D51
0.06675365809230432,Concrete,0,B42,B52
0.11118803293376593,Concrete,0,B42,C52
0.10412602204572018,Concrete,0,B42,D52
0.07337899982150128,Concrete,0,B42,B53
0.0771455749122321,Concrete,0,B42,C53
0.07493290294257472,Concrete,0,B42,D53
0.07481267727673467,Concrete,0,B42,B54
0.10111258298890242,Concrete,0,B42,C54
0.08567779255003903,Concrete,0,B42,D54
0.1025884245323027,Concrete,0,B42,B55
0.07309822613972436,Concrete,0,B42,C55
0.09769084337383378,Concrete,0,B42,D55
0.06437899002762974,Concrete,0,B42,B57
0.07264301515518809,Concrete,0,B42,C57
0.0663186691695612,Concrete,0,B42,D57
0.09017036562436768,Concrete,0,B42,B63
0.0651044664787648,Concrete,0,B42,C63
0.07664571313952251,Concrete,0,B42,D63
0.06447657733637184,Concrete,0,B42,B65
0.08285244301575508,Concrete,0,B42,C65
0.08437919412815678,Concrete,0,B42,D65
0.06783188590238279,Concrete,0,B42,B67
0.06980328432333376,Concrete,0,B42,C67
0.07899874543700669,Concrete,0,B42,D67
0.08350404528129104,Concrete,0,B42,B71
0.07420688700074712,Concrete,0,B42,C71
0.07416270204948557,Concrete,0,B42,D71
0.0747132744241435,Concrete,0,B42,B77
0.16727952173278876,Concrete,0,B42,C77
0.07016064933757242,Concrete,0,B42,D77
0.07424388782963648,Concrete,0,B42,B78
0.09286788135393548,Concrete,0,B42,C78
0.0687475144020926,Concrete,0,B42,D78
0.07579327990306155,Concrete,0,B42,B80
0.07338777411639812,Concrete,0,B42,C80
0.06666402154298642,Concrete,0,B42,D80
0.0779837013728935,Concrete,0,B42,B83
0.07238520024733443,Concrete,0,B42,C83
0.07700620299704145,Concrete,0,B42,D83
0.07224193018584837,Concrete,0,B42,B88
0.12264708076591059,Concrete,0,B42,C88
0.08617034849715445,Concrete,0,B42,D88
0.07147792168822514,Concrete,0,B42,B91
0.08683342521366119,Concrete,0,B42,C91
0.07759540009652632,Concrete,0,B42,D91
0.06961471815644286,Concrete,0,B42,B92
0.08526656765550307,Concrete,0,B42,C92
0.0712282515564637,Concrete,0,B42,D92
0.0783297556268434,Concrete,0,B42,B94
0.08071644396858939,Concrete,0,B42,C94
0.12693963554364665,Concrete,0,B42,D94
0.054516740368824396,Concrete,0,C42,D42
0.09085393821856919,Concrete,0,C42,B43
0.06181467056511139,Concrete,0,C42,C43
0.06350558633136302,Concrete,0,C42,D43
0.0693064676740977,Concrete,0,C42,B44
0.06064324142175809,Concrete,0,C42,C44
0.05380003993681072,Concrete,0,C42,D44
0.06129416531076789,Concrete,0,C42,B51
0.06204313247720716,Concrete,0,C42,C51
0.07242747183887549,Concrete,0,C42,D51
0.06019766570184137,Concrete,0,C42,B52
0.06799131132328184,Concrete,0,C42,C52
0.09740245413496568,Concrete,0,C42,D52
0.056076571969534555,Concrete,0,C42,B53
0.08518375388399449,Concrete,0,C42,C53
0.06202398198572933,Concrete,0,C42,D53
0.06733253715261846,Concrete,0,C42,B54
0.07815352322858146,Concrete,0,C42,C54
0.06498728635462227,Concrete,0,C42,D54
0.07690650096339444,Concrete,0,C42,B55
0.054357448112583605,Concrete,0,C42,C55
0.10207676517739238,Concrete,0,C42,D55
0.06256702011784668,Concrete,0,C42,B57
0.061634332147039145,Concrete,0,C42,C57
0.05706692456051538,Concrete,0,C42,D57
0.08792487430207427,Concrete,0,C42,B63
0.08658540886404789,Concrete,0,C42,C63
0.0606920708242926,Concrete,0,C42,D63
0.051778747344762566,Concrete,0,C42,B65
0.06575046359448865,Concrete,0,C42,C65
0.06723883556342705,Concrete,0,C42,D65
0.08247296262623087,Concrete,0,C42,B67
0.05617587647174588,Concrete,0,C42,C67
0.06463630680014405,Concrete,0,C42,D67
0.05298136081182561,Concrete,0,C42,B71
0.05754094335233376,Concrete,0,C42,C71
0.07776532204323444,Concrete,0,C42,D71
0.05667483416885669,Concrete,0,C42,B77
0.12918619480384277,Concrete,0,C42,C77
0.06915808793698129,Concrete,0,C42,D77
0.058691538766678514,Concrete,0,C42,B78
0.08923766310128187,Concrete,0,C42,C78
0.05434145204029549,Concrete,0,C42,D78
0.06372848426455273,Concrete,0,C42,B80
0.05480542163640337,Concrete,0,C42,C80
0.058238419210384286,Concrete,0,C42,D80
0.07961759161222248,Concrete,0,C42,B83
0.05928999803325165,Concrete,0,C42,C83
0.05947677673991067,Concrete,0,C42,D83
0.05642732154846422,Concrete,0,C42,B88
0.10283480171821399,Concrete,0,C42,C88
0.07454536323890512,Concrete,0,C42,D88
0.07250539088576864,Concrete,0,C42,B91
0.07653757608471005,Concrete,0,C42,C91
0.05173074599995863,Concrete,0,C42,D91
0.06053144181591019,Concrete,0,C42,B92
0.06780245270605056,Concrete,0,C42,C92
0.05528293620055586,Concrete,0,C42,D92
0.08469391448322715,Concrete,0,C42,B94
0.0751793931953009,Concrete,0,C42,C94
0.07802739478659965,Concrete,0,C42,D94
0.059149769426505724,Concrete,0,D42,B43
0.05391928247108894,Concrete,0,D42,C43
0.06423377912803689,Concrete,0,D42,D43
0.056124975901505766,Concrete,0,D42,B44
0.059058773408143264,Concrete,0,D42,C44
0.04482648306297228,Concrete,0,D42,D44
0.050900500799129215,Concrete,0,D42,B51
0.04847935194309501,Concrete,0,D42,C51
0.06503870441555148,Concrete,0,D42,D51
0.04559241986534578,Concrete,0,D42,B52
0.06629687024515041,Concrete,0,D42,C52
0.07918169714670213,Concrete,0,D42,D52
0.049032868684657935,Concrete,0,D42,B53
0.07064953402527531,Concrete,0,D42,C53
0.0567607019385641,Concrete,0,D42,D53
0.05197204725755665,Concrete,0,D42,B54
0.06806258177356513,Concrete,0,D42,C54
0.05598354399938963,Concrete,0,D42,D54
0.07971093602631793,Concrete,0,D42,B55
0.047370353855965,Concrete,0,D42,C55
0.09043684311151708,Concrete,0,D42,D55
0.05387380726838051,Concrete,0,D42,B57
0.04981508731626856,Concrete,0,D42,C57
0.04901398054749186,Concrete,0,D42,D57
0.07906787876136764,Concrete,0,D42,B63
0.07251718393384551,Concrete,0,D42,C63
0.05620346302133531,Concrete,0,D42,D63
0.04291960406393952,Concrete,0,D42,B65
0.05029901363301275,Concrete,0,D42,C65
0.058939734340132756,Concrete,0,D42,D65
0.06955272903341826,Concrete,0,D42,B67
0.046512638065074156,Concrete,0,D42,C67
0.052450742821661296,Concrete,0,D42,D67
0.05658022578601912,Concrete,0,D42,B71
0.04705598601319797,Concrete,0,D42,C71
0.07654547002159337,Concrete,0,D42,D71
0.051195306485487105,Concrete,0,D42,B77
0.11119069758822979,Concrete,0,D42,C77
0.05433949553822171,Concrete,0,D42,D77
0.04643649680359233,Concrete,0,D42,B78
0.07116984604778182,Concrete,0,D42,C78
0.04313729352480665,Concrete,0,D42,D78
0.05262899085725616,Concrete,0,D42,B80
0.051647526580363215,Concrete,0,D42,C80
0.050896140796531084,Concrete,0,D42,D80
0.06465854751483065,Concrete,0,D42,B83
0.0491036502377047,Concrete,0,D42,C83
0.05552424546051029,Concrete,0,D42,D83
0.04979966722120224,Concrete,0,D42,B88
0.08974199679335793,Concrete,0,D42,C88
0.07533075997689394,Concrete,0,D42,D88
0.06127111824706012,Concrete,0,D42,B91
0.07143185210308282,Concrete,0,D42,C91
0.046197069712400965,Concrete,0,D42,D91
0.046920315102352415,Concrete,0,D42,B92
0.059962922480667424,Concrete,0,D42,C92
0.04588005412514102,Concrete,0,D42,D92
0.06424855627117089,Concrete,0,D42,B94
0.060777598249542784,Concrete,0,D42,C94
0.06552347970242435,Concrete,0,D42,D94
0.0808180692497596,Concrete,0,B43,C43
0.08275143706537406,Concrete,0,B43,D43
0.07705641145612233,Concrete,0,B43,B44
0.08052163106912191,Concrete,0,B43,C44
0.0591336594340977,Concrete,0,B43,D44
0.06740064390386363,Concrete,0,B43,B51
0.07421192667907565,Concrete,0,B43,C51
0.08373597769382382,Concrete,0,B43,D51
0.07266628247138579,Concrete,0,B43,B52
0.08666345115120026,Concrete,0,B43,C52
0.0877226349180757,Concrete,0,B43,D52
0.07085319336236275,Concrete,0,B43,B53
0.0949559369919867,Concrete,0,B43,C53
0.07955583305793525,Concrete,0,B43,D53
0.06298567295369528,Concrete,0,B43,B54
0.09359283550189418,Concrete,0,B43,C54
0.08636790099206103,Concrete,0,B43,D54
0.10339679035935224,Concrete,0,B43,B55
0.06861169196772528,Concrete,0,B43,C55
0.09973684744663189,Concrete,0,B43,D55
0.07930615504783119,Concrete,0,B43,B57
0.0663792095565489,Concrete,0,B43,C57
0.06943899063568047,Concrete,0,B43,D57
0.10305386424806744,Concrete,0,B43,B63
0.09129722243916842,Concrete,0,B43,C63
0.07378776014298565,Concrete,0,B43,D63
0.060735122463002264,Concrete,0,B43,B65
0.08140045440657798,Concrete,0,B43,C65
0.0851082783497122,Concrete,0,B43,D65
0.09595883872589285,Concrete,0,B43,B67
0.07234461650174832,Concrete,0,B43,C67
0.06695591748266294,Concrete,0,B43,D67
0.09304576186224749,Concrete,0,B43,B71
0.06731893907795096,Concrete,0,B43,C71
0.10399654712758791,Concrete,0,B43,D71
0.07706398925078743,Concrete,0,B43,B77
0.11642126257589987,Concrete,0,B43,C77
0.07192891495911372,Concrete,0,B43,D77
0.06823403732511496,Concrete,0,B43,B78
0.1016208502510677,Concrete,0,B43,C78
0.06566750298181044,Concrete,0,B43,D78
0.06845395798730261,Concrete,0,B43,B80
0.07606251007699348,Concrete,0,B43,C80
0.07914797724333901,Concrete,0,B43,D80
0.08447843061688452,Concrete,0,B43,B83
0.07041068370586683,Concrete,0,B43,C83
0.08267280204210956,Concrete,0,B43,D83
0.07372937719090013,Concrete,0,B43,B88
0.11835470257073204,Concrete,0,B43,C88
0.09548643211461638,Concrete,0,B43,D88
0.08567756475288806,Concrete,0,B43,B91
0.09254974543924169,Concrete,0,B43,C91
0.07898187169521072,Concrete,0,B43,D91
0.07554452570081671,Concrete,0,B43,B92
0.08641870043425655,Concrete,0,B43,C92
0.06984777520837325,Concrete,0,B43,D92
0.08800203700172275,Concrete,0,B43,B94
0.07597871259785591,Concrete,0,B43,C94
0.09167262582495186,Concrete,0,B43,D94
0.06793418197937952,Concrete,0,C43,D43
0.06556357125528331,Concrete,0,C43,B44
0.06331672763151455,Concrete,0,C43,C44
0.05306200924980973,Concrete,0,C43,D44
0.056595715101998206,Concrete,0,C43,B51
0.05925715685245358,Concrete,0,C43,C51
0.06829785396697304,Concrete,0,C43,D51
0.05659470203759288,Concrete,0,C43,B52
0.06952644348766365,Concrete,0,C43,C52
0.08780431052685048,Concrete,0,C43,D52
0.052027986263504564,Concrete,0,C43,B53
0.06821796879544743,Concrete,0,C43,C53
0.05965853880694397,Concrete,0,C43,D53
0.06069313854907643,Concrete,0,C43,B54
0.08337050210591122,Concrete,0,C43,C54
0.06970911000681222,Concrete,0,C43,D54
0.07238477584137672,Concrete,0,C43,B55
0.05038120258411266,Concrete,0,C43,C55
0.08609882650764737,Concrete,0,C43,D55
0.05309884479027491,Concrete,0,C43,B57
0.05515453708859942,Concrete,0,C43,C57
0.053036263294265924,Concrete,0,C43,D57
0.08879247991055983,Concrete,0,C43,B63
0.081017492672975,Concrete,0,C43,C63
0.06011699945101919,Concrete,0,C43,D63
0.05019672435117185,Concrete,0,C43,B65
0.06202276732773062,Concrete,0,C43,C65
0.07005956741761414,Concrete,0,C43,D65
0.07505817822723324,Concrete,0,C43,B67
0.053324697174262775,Concrete,0,C43,C67
0.05645610487074795,Concrete,0,C43,D67
0.06038482233243189,Concrete,0,C43,B71
0.05946783651436734,Concrete,0,C43,C71
0.06864041881563342,Concrete,0,C43,D71
0.05588324532249993,Concrete,0,C43,B77
0.11779987062360638,Concrete,0,C43,C77
0.055172769796352536,Concrete,0,C43,D77
0.05747728198173408,Concrete,0,C43,B78
0.0885935052549847,Concrete,0,C43,C78
0.05776988595435954,Concrete,0,C43,D78
0.059198261529520395,Concrete,0,C43,B80
0.05774604664393046,Concrete,0,C43,C80
0.05843036933061755,Concrete,0,C43,D80
0.07085928203926031,Concrete,0,C43,B83
0.0554702457352912,Concrete,0,C43,C83
0.06345818982155109,Concrete,0,C43,D83
0.054499018255728865,Concrete,0,C43,B88
0.08559317329478179,Concrete,0,C43,C88
0.07797800753061408,Concrete,0,C43,D88
0.06137356480422373,Concrete,0,C43,B91
0.07554841435298085,Concrete,0,C43,C91
0.055748929312103075,Concrete,0,C43,D91
0.057868743943040445,Concrete,0,C43,B92
0.06250527414416479,Concrete,0,C43,C92
0.051692211035342064,Concrete,0,C43,D92
0.06248765525357861,Concrete,0,C43,B94
0.06922160464801329,Concrete,0,C43,C94
0.07735561667452928,Concrete,0,C43,D94
0.06935979986212702,Concrete,0,D43,B44
0.07619665932496077,Concrete,0,D43,C44
0.0646649194161261,Concrete,0,D43,D44
0.06148816810043837,Concrete,0,D43,B51
0.05694016436595631,Concrete,0,D43,C51
0.07446760890731531,Concrete,0,D43,D51
0.06501537705209041,Concrete,0,D43,B52
0.08096302599822858,Concrete,0,D43,C52
0.1030420072903009,Concrete,0,D43,D52
0.06566495427287483,Concrete,0,D43,B53
0.08838407251081218,Concrete,0,D43,C53
0.07002778743785415,Concrete,0,D43,D53
0.06855390693621677,Concrete,0,D43,B54
0.0860932259486582,Concrete,0,D43,C54
0.06382847110534656,Concrete,0,D43,D54
0.08451158768500813,Concrete,0,D43,B55
0.06277628707233067,Concrete,0,D43,C55
0.10085867099344947,Concrete,0,D43,D55
0.06778597628387745,Concrete,0,D43,B57
0.06431889080224903,Concrete,0,D43,C57
0.062384414468017915,Concrete,0,D43,D57
0.09431543259658408,Concrete,0,D43,B63
0.09045590434523604,Concrete,0,D43,C63
0.059836973190601855,Concrete,0,D43,D63
0.0564224111589372,Concrete,0,D43,B65
0.08240830020830417,Concrete,0,D43,C65
0.07194874972655844,Concrete,0,D43,D65
0.08650034831162112,Concrete,0,D43,B67
0.063480731040866,Concrete,0,D43,C67
0.07049976278213461,Concrete,0,D43,D67
0.06646096715956963,Concrete,0,D43,B71
0.06865274238672862,Concrete,0,D43,C71
0.08126332444238789,Concrete,0,D43,D71
0.07470095911404488,Concrete,0,D43,B77
0.12709157565262072,Concrete,0,D43,C77
0.08110250910142171,Concrete,0,D43,D77
0.06143788355374923,Concrete,0,D43,B78
0.09563314413394845,Concrete,0,D43,C78
0.0685646000128168,Concrete,0,D43,D78
0.06382698089530922,Concrete,0,D43,B80
0.0685884883494021,Concrete,0,D43,C80
0.06780325927338593,Concrete,0,D43,D80
0.0817085930314049,Concrete,0,D43,B83
0.05881494549924202,Concrete,0,D43,C83
0.06151855338957314,Concrete,0,D43,D83
0.06883683578456525,Concrete,0,D43,B88
0.11571917783360727,Concrete,0,D43,C88
0.08884947832569416,Concrete,0,D43,D88
0.07824911361327885,Concrete,0,D43,B91
0.08710297637371182,Concrete,0,D43,C91
0.056094258123894104,Concrete,0,D43,D91
0.06582032223639994,Concrete,0,D43,B92
0.07459575281288057,Concrete,0,D43,C92
0.06565488310616449,Concrete,0,D43,D92
0.08791978636013592,Concrete,0,D43,B94
0.07167404149406825,Concrete,0,D43,C94
0.0865982216846501,Concrete,0,D43,D94
0.06979232332130778,Concrete,0,B44,C44
0.05999896723051665,Concrete,0,B44,D44
0.06578111127519325,Concrete,0,B44,B51
0.058879356148302586,Concrete,0,B44,C51
0.07204080119767356,Concrete,0,B44,D51
0.06412881927150238,Concrete,0,B44,B52
0.0799054547520179,Concrete,0,B44,C52
0.09360848403901703,Concrete,0,B44,D52
0.062220882215144845,Concrete,0,B44,B53
0.07560599141419956,Concrete,0,B44,C53
0.06605231424711736,Concrete,0,B44,D53
0.06614348192016885,Concrete,0,B44,B54
0.08462700740020276,Concrete,0,B44,C54
0.06870323140801446,Concrete,0,B44,D54
0.0838307882655843,Concrete,0,B44,B55
0.058704424255667166,Concrete,0,B44,C55
0.09101038802244492,Concrete,0,B44,D55
0.0585842717262051,Concrete,0,B44,B57
0.05978742782185164,Concrete,0,B44,C57
0.05334738569839825,Concrete,0,B44,D57
0.0817701386604237,Concrete,0,B44,B63
0.08715551491475866,Concrete,0,B44,C63
0.06066954794405638,Concrete,0,B44,D63
0.04860541792871044,Concrete,0,B44,B65
0.06441837811313166,Concrete,0,B44,C65
0.06396176167059653,Concrete,0,B44,D65
0.08282959550541677,Concrete,0,B44,B67
0.059998999016551244,Concrete,0,B44,C67
0.054643716264273605,Concrete,0,B44,D67
0.07061575609741057,Concrete,0,B44,B71
0.05972334396829703,Concrete,0,B44,C71
0.08273351221795894,Concrete,0,B44,D71
0.06260667646399605,Concrete,0,B44,B77
0.11931356675088545,Concrete,0,B44,C77
0.0688334013496081,Concrete,0,B44,D77
0.0624964213158205,Concrete,0,B44,B78
0.07784144457123539,Concrete,0,B44,C78
0.06005548790787837,Concrete,0,B44,D78
0.06294353030720773,Concrete,0,B44,B80
0.05999739162419941,Concrete,0,B44,C80
0.06211768177328546,Concrete,0,B44,D80
0.07543046344293232,Concrete,0,B44,B83
0.060939736338631596,Concrete,0,B44,C83
0.0840434885339298,Concrete,0,B44,D83
0.06266706779565752,Concrete,0,B44,B88
0.10632689083130314,Concrete,0,B44,C88
0.08065409509794741,Concrete,0,B44,D88
0.07543584182285311,Concrete,0,B44,B91
0.0845131037686978,Concrete,0,B44,C91
0.05771514744910363,Concrete,0,B44,D91
0.06501260237600309,Concrete,0,B44,B92
0.06353248031792018,Concrete,0,B44,C92
0.06126584435088648,Concrete,0,B44,D92
0.08155221451063277,Concrete,0,B44,B94
0.07428200669691117,Concrete,0,B44,C94
0.0744580279665096,Concrete,0,B44,D94
0.04874633942081628,Concrete,0,C44,D44
0.051512811475502886,Concrete,0,C44,B51
0.05882225709182304,Concrete,0,C44,C51
0.06646078935549014,Concrete,0,C44,D51
0.05616159260134886,Concrete,0,C44,B52
0.07955488314049541,Concrete,0,C44,C52
0.08894071024801029,Concrete,0,C44,D52
0.056536017511822544,Concrete,0,C44,B53
0.07448417182647839,Concrete,0,C44,C53
0.059119980772633154,Concrete,0,C44,D53
0.0540200934406139,Concrete,0,C44,B54
0.07947404079339065,Concrete,0,C44,C54
0.07462642835649026,Concrete,0,C44,D54
0.08518126324628156,Concrete,0,C44,B55
0.05246645491601112,Concrete,0,C44,C55
0.09043947854081448,Concrete,0,C44,D55
0.06086460209534297,Concrete,0,C44,B57
0.059534028605194154,Concrete,0,C44,C57
0.052048446223558205,Concrete,0,C44,D57
0.08836642592709784,Concrete,0,C44,B63
0.08229115470476599,Concrete,0,C44,C63
0.06226920634999972,Concrete,0,C44,D63
0.04753342198592342,Concrete,0,C44,B65
0.06633481142970424,Concrete,0,C44,C65
0.07304426069121679,Concrete,0,C44,D65
0.07561198692420014,Concrete,0,C44,B67
0.056680648672290605,Concrete,0,C44,C67
0.07353717252759545,Concrete,0,C44,D67
0.06251491987394137,Concrete,0,C44,B71
0.05116954821145105,Concrete,0,C44,C71
0.07397200147488292,Concrete,0,C44,D71
0.06114919407305088,Concrete,0,C44,B77
0.11130375804869962,Concrete,0,C44,C77
0.060502706739328845,Concrete,0,C44,D77
0.06585323795441785,Concrete,0,C44,B78
0.09117636807801575,Concrete,0,C44,C78
0.05658581930239808,Concrete,0,C44,D78
0.05942286926889667,Concrete,0,C44,B80
0.055784602931747945,Concrete,0,C44,C80
0.06294704367426267,Concrete,0,C44,D80
0.07362539816486169,Concrete,0,C44,B83
0.05567082351446251,Concrete,0,C44,C83
0.07005093930613522,Concrete,0,C44,D83
0.050167984856700334,Concrete,0,C44,B88
0.10536921350652471,Concrete,0,C44,C88
0.08322242954455855,Concrete,0,C44,D88
0.07215722698677894,Concrete,0,C44,B91
0.08000694565658206,Concrete,0,C44,C91
0.06007202451517924,Concrete,0,C44,D91
0.058943443130864116,Concrete,0,C44,B92
0.0787040510137306,Concrete,0,C44,C92
0.05316138139795921,Concrete,0,C44,D92
0.07448306876527377,Concrete,0,C44,B94
0.07374894787777415,Concrete,0,C44,C94
0.08122235833484842,Concrete,0,C44,D94
0.047731553510552915,Concrete,0,D44,B51
0.04975407704124708,Concrete,0,D44,C51
0.05861038315841462,Concrete,0,D44,D51
0.04625763191316319,Concrete,0,D44,B52
0.06337794301787193,Concrete,0,D44,C52
0.08248696704000923,Concrete,0,D44,D52
0.05022808139981804,Concrete,0,D44,B53
0.07334849806097558,Concrete,0,D44,C53
0.050926817194111754,Concrete,0,D44,D53
0.05158979815539865,Concrete,0,D44,B54
0.07147565256261963,Concrete,0,D44,C54
0.0599892914516867,Concrete,0,D44,D54
0.07256585999851861,Concrete,0,D44,B55
0.04347952295858493,Concrete,0,D44,C55
0.08264762707758784,Concrete,0,D44,D55
0.05310230140205542,Concrete,0,D44,B57
0.049577617525215736,Concrete,0,D44,C57
0.046673583011582954,Concrete,0,D44,D57
0.08036995848891096,Concrete,0,D44,B63
0.07214570918439875,Concrete,0,D44,C63
0.05399659696850382,Concrete,0,D44,D63
0.039234414899134394,Concrete,0,D44,B65
0.051725815008396216,Concrete,0,D44,C65
0.05418228668071803,Concrete,0,D44,D65
0.06978185575535738,Concrete,0,D44,B67
0.047697230351644186,Concrete,0,D44,C67
0.0543178606351948,Concrete,0,D44,D67
0.0534808947395691,Concrete,0,D44,B71
0.042597437604029065,Concrete,0,D44,C71
0.06732267334431448,Concrete,0,D44,D71
0.04940429718947441,Concrete,0,D44,B77
0.1093361554780309,Concrete,0,D44,C77
0.046565786939266524,Concrete,0,D44,D77
0.05317248224299875,Concrete,0,D44,B78
0.08369632613505706,Concrete,0,D44,C78
0.043561798445842626,Concrete,0,D44,D78
0.04915621917065523,Concrete,0,D44,B80
0.0433632223910874,Concrete,0,D44,C80
0.05119521128422452,Concrete,0,D44,D80
0.06828243653489023,Concrete,0,D44,B83
0.04771051328054456,Concrete,0,D44,C83
0.05965022389571508,Concrete,0,D44,D83
0.04660014212388476,Concrete,0,D44,B88
0.08620713660381951,Concrete,0,D44,C88
0.06764891903849699,Concrete,0,D44,D88
0.05765519092448865,Concrete,0,D44,B91
0.07201797466980732,Concrete,0,D44,C91
0.049235107752527,Concrete,0,D44,D91
0.054405698305617416,Concrete,0,D44,B92
0.060208591898908884,Concrete,0,D44,C92
0.044462053855806434,Concrete,0,D44,D92
0.06334929571919748,Concrete,0,D44,B94
0.05408495069355066,Concrete,0,D44,C94
0.06748289813410407,Concrete,0,D44,D94
0.05293599583719247,Concrete,0,B51,C51
0.06822216775279888,Concrete,0,B51,D51
0.05199804856577589,Concrete,0,B51,B52
0.07587312612927861,Concrete,0,B51,C52
0.0826685325441708,Concrete,0,B51,D52
0.05079873162043522,Concrete,0,B51,B53
0.07393901167498855,Concrete,0,B51,C53
0.05964112642307233,Concrete,0,B51,D53
0.056529179302664156,Concrete,0,B51,B54
0.06676394887669405,Concrete,0,B51,C54
0.06816053210534774,Concrete,0,B51,D54
0.08496049137246385,Concrete,0,B51,B55
0.05070124171806517,Concrete,0,B51,C55
0.08691560889248522,Concrete,0,B51,D55
0.05918716477334805,Concrete,0,B51,B57
0.05085917563498833,Concrete,0,B51,C57
0.04659606430651987,Concrete,0,B51,D57
0.08097387419974508,Concrete,0,B51,B63
0.07786172413824509,Concrete,0,B51,C63
0.05751047252213544,Concrete,0,B51,D63
0.046197603192152825,Concrete,0,B51,B65
0.05961546613175912,Concrete,0,B51,C65
0.06572362914857956,Concrete,0,B51,D65
0.07529482177998978,Concrete,0,B51,B67
0.05570510911735635,Concrete,0,B51,C67
0.05906447712644573,Concrete,0,B51,D67
0.058138513408503095,Concrete,0,B51,B71
0.05057683423529252,Concrete,0,B51,C71
0.07250971491836475,Concrete,0,B51,D71
0.05675799930187045,Concrete,0,B51,B77
0.11153337316558808,Concrete,0,B51,C77
0.05544787694232771,Concrete,0,B51,D77
0.05222752125334963,Concrete,0,B51,B78
0.08221741456768979,Concrete,0,B51,C78
0.04920409231362653,Concrete,0,B51,D78
0.052834490243194795,Concrete,0,B51,B80
0.058148443919818625,Concrete,0,B51,C80
0.05616526076544597,Concrete,0,B51,D80
0.06409320410510969,Concrete,0,B51,B83
0.050912859843873275,Concrete,0,B51,C83
0.06064911594274319,Concrete,0,B51,D83
0.05032227604267582,Concrete,0,B51,B88
0.09927112866866832,Concrete,0,B51,C88
0.07608045065551569,Concrete,0,B51,D88
0.06749591404793934,Concrete,0,B51,B91
0.07808370759946362,Concrete,0,B51,C91
0.04927198810784926,Concrete,0,B51,D91
0.05736654233045196,Concrete,0,B51,B92
0.06293072569793012,Concrete,0,B51,C92
0.04792446216586169,Concrete,0,B51,D92
0.07403907174242742,Concrete,0,B51,B94
0.06131823939944571,Concrete,0,B51,C94
0.0735725852407654,Concrete,0,B51,D94
0.07050465813487768,Concrete,0,C51,D51
0.05859733789843613,Concrete,0,C51,B52
0.07098532129577251,Concrete,0,C51,C52
0.087981392167266,Concrete,0,C51,D52
0.055674109447705164,Concrete,0,C51,B53
0.07756312646743552,Concrete,0,C51,C53
0.0614029681175625,Concrete,0,C51,D53
0.05955870656522746,Concrete,0,C51,B54
0.06939823608908974,Concrete,0,C51,C54
0.06527129990450184,Concrete,0,C51,D54
0.07845065274606089,Concrete,0,C51,B55
0.04836329427098209,Concrete,0,C51,C55
0.09213342912011786,Concrete,0,C51,D55
0.05581606909135701,Concrete,0,C51,B57
0.0508876765990924,Concrete,0,C51,C57
0.0516295939688201,Concrete,0,C51,D57
0.08227559634826238,Concrete,0,C51,B63
0.07699508735831537,Concrete,0,C51,C63
0.05396075285687134,Concrete,0,C51,D63
0.04873870902526929,Concrete,0,C51,B65
0.05759947204691132,Concrete,0,C51,C65
0.06206418620944604,Concrete,0,C51,D65
0.07453172391983595,Concrete,0,C51,B67
0.05861338444843713,Concrete,0,C51,C67
0.058509850182542074,Concrete,0,C51,D67
0.0591350920361826,Concrete,0,C51,B71
0.054813821305867365,Concrete,0,C51,C71
0.07624141017305563,Concrete,0,C51,D71
0.05655355197389323,Concrete,0,C51,B77
0.11058390853944407,Concrete,0,C51,C77
0.06103824554107835,Concrete,0,C51,D77
0.05636101570374329,Concrete,0,C51,B78
0.08639005112311314,Concrete,0,C51,C78
0.0469950209148351,Concrete,0,C51,D78
0.053987388213175384,Concrete,0,C51,B80
0.05943901496453054,Concrete,0,C51,C80
0.059256883398263356,Concrete,0,C51,D80
0.06987578690186087,Concrete,0,C51,B83
0.04918626834444072,Concrete,0,C51,C83
0.06735647621724908,Concrete,0,C51,D83
0.0652702266939792,Concrete,0,C51,B88
0.10900880247911134,Concrete,0,C51,C88
0.08665101716692789,Concrete,0,C51,D88
0.06909076505068583,Concrete,0,C51,B91
0.07777334081966539,Concrete,0,C51,C91
0.050033899132551456,Concrete,0,C51,D91
0.06315607546694416,Concrete,0,C51,B92
0.06505534331545072,Concrete,0,C51,C92
0.0514439264468416,Concrete,0,C51,D92
0.07869150940039332,Concrete,0,C51,B94
0.06883863906744457,Concrete,0,C51,C94
0.07367217401554493,Concrete,0,C51,D94
0.06217104409740038,Concrete,0,D51,B52
0.07897926119316966,Concrete,0,D51,C52
0.11410624189742707,Concrete,0,D51,D52
0.06640335722475364,Concrete,0,D51,B53
0.06418477496001362,Concrete,0,D51,C53
0.06489928099852402,Concrete,0,D51,D53
0.06158925319624065,Concrete,0,D51,B54
0.0782150507770301,Concrete,0,D51,C54
0.0723845436869288,Concrete,0,D51,D54
0.08406678918994191,Concrete,0,D51,B55
0.061090799731763186,Concrete,0,D51,C55
0.09246767893987479,Concrete,0,D51,D55
0.0585481089977352,Concrete,0,D51,B57
0.0626836722689904,Concrete,0,D51,C57
0.05446961001868469,Concrete,0,D51,D57
0.10253259455560759,Concrete,0,D51,B63
0.0944762322018605,Concrete,0,D51,C63
0.06647727139752743,Concrete,0,D51,D63
0.049856225565613435,Concrete,0,D51,B65
0.07336494828535454,Concrete,0,D51,C65
0.06754405325661286,Concrete,0,D51,D65
0.08787571084268286,Concrete,0,D51,B67
0.06181831659954858,Concrete,0,D51,C67
0.07435342253638014,Concrete,0,D51,D67
0.06908804855319756,Concrete,0,D51,B71
0.059928354434835754,Concrete,0,D51,C71
0.08509669954243369,Concrete,0,D51,D71
0.06942355369198544,Concrete,0,D51,B77
0.10340326782033851,Concrete,0,D51,C77
0.055296190042186284,Concrete,0,D51,D77
0.07437566326818558,Concrete,0,D51,B78
0.11446281891636782,Concrete,0,D51,C78
0.06032712400329576,Concrete,0,D51,D78
0.06544884495499148,Concrete,0,D51,B80
0.058992929417647416,Concrete,0,D51,C80
0.07785218048657395,Concrete,0,D51,D80
0.07524831582478715,Concrete,0,D51,B83
0.05812596795383549,Concrete,0,D51,C83
0.07706077779969925,Concrete,0,D51,D83
0.06180163269806437,Concrete,0,D51,B88
0.07502780429852798,Concrete,0,D51,C88
0.09301675159300653,Concrete,0,D51,D88
0.06989949188376327,Concrete,0,D51,B91
0.09850652340160963,Concrete,0,D51,C91
0.0648902043687096,Concrete,0,D51,D91
0.06352480098193435,Concrete,0,D51,B92
0.079193892699584,Concrete,0,D51,C92
0.0642291879795565,Concrete,0,D51,D92
0.0788067342191177,Concrete,0,D51,B94
0.07090066518344373,Concrete,0,D51,C94
0.0746178440634164,Concrete,0,D51,D94
0.0707858135771172,Concrete,0,B52,C52
0.08592237649806646,Concrete,0,B52,D52
0.053360807389265436,Concrete,0,B52,B53
0.0711157039017203,Concrete,0,B52,C53
0.04813628704320741,Concrete,0,B52,D53
0.05454245451995369,Concrete,0,B52,B54
0.07528794891136895,Concrete,0,B52,C54
0.06609069364222928,Concrete,0,B52,D54
0.08699110810732233,Concrete,0,B52,B55
0.05234048530486073,Concrete,0,B52,C55
0.08512712796401538,Concrete,0,B52,D55
0.05671606253588514,Concrete,0,B52,B57
0.047821365874301955,Concrete,0,B52,C57
0.050605519957189,Concrete,0,B52,D57
0.08552173445402832,Concrete,0,B52,B63
0.07844456056832207,Concrete,0,B52,C63
0.05208092351394465,Concrete,0,B52,D63
0.05012173385947805,Concrete,0,B52,B65
0.05850196982039192,Concrete,0,B52,C65
0.06424029782860782,Concrete,0,B52,D65
0.06994074426196444,Concrete,0,B52,B67
0.04940545635484336,Concrete,0,B52,C67
0.059829747058005214,Concrete,0,B52,D67
0.05705704440905331,Concrete,0,B52,B71
0.04999065112931843,Concrete,0,B52,C71
0.07512229560690609,Concrete,0,B52,D71
0.052888473602767654,Concrete,0,B52,B77
0.11832501996937071,Concrete,0,B52,C77
0.05497727172761573,Concrete,0,B52,D77
0.05387997458632874,Concrete,0,B52,B78
0.07773114170656785,Concrete,0,B52,C78
0.045846293065861576,Concrete,0,B52,D78
0.051289864495082084,Concrete,0,B52,B80
0.0517914352173381,Concrete,0,B52,C80
0.055240936546068625,Concrete,0,B52,D80
0.07220315751518465,Concrete,0,B52,B83
0.05697225175471999,Concrete,0,B52,C83
0.06047089457812202,Concrete,0,B52,D83
0.046703384658067545,Concrete,0,B52,B88
0.09559891764612498,Concrete,0,B52,C88
0.07783684857735465,Concrete,0,B52,D88
0.05787252103653269,Concrete,0,B52,B91
0.07164169774417756,Concrete,0,B52,C91
0.05676384827062829,Concrete,0,B52,D91
0.04980421375542022,Concrete,0,B52,B92
0.0677788684917018,Concrete,0,B52,C92
0.04832035711390556,Concrete,0,B52,D92
0.0652234472636781,Concrete,0,B52,B94
0.06089016537190942,Concrete,0,B52,C94
0.07781038025559586,Concrete,0,B52,D94
0.10939080434031805,Concrete,0,C52,D52
0.07004463875031987,Concrete,0,C52,B53
0.09298537299095325,Concrete,0,C52,C53
0.07303000410172986,Concrete,0,C52,D53
0.07525797857562223,Concrete,0,C52,B54
0.09240540983416737,Concrete,0,C52,C54
0.08290905211713856,Concrete,0,C52,D54
0.07379729109783294,Concrete,0,C52,B55
0.0622821537491047,Concrete,0,C52,C55
0.11006056660750753,Concrete,0,C52,D55
0.0684872172175878,Concrete,0,C52,B57
0.06778087225284901,Concrete,0,C52,C57
0.06994950383774907,Concrete,0,C52,D57
0.09017786426132783,Concrete,0,C52,B63
0.1074823679232533,Concrete,0,C52,C63
0.07362909530528201,Concrete,0,C52,D63
0.06145839323068958,Concrete,0,C52,B65
0.07636176316677672,Concrete,0,C52,C65
0.073481496114654,Concrete,0,C52,D65
0.11659705376620899,Concrete,0,C52,B67
0.06634039040398544,Concrete,0,C52,C67
0.07133660685889087,Concrete,0,C52,D67
0.07235488881250814,Concrete,0,C52,B71
0.06628995830308869,Concrete,0,C52,C71
0.09964627010369895,Concrete,0,C52,D71
0.07232721806934445,Concrete,0,C52,B77
0.1345102674359631,Concrete,0,C52,C77
0.0779776828055971,Concrete,0,C52,D77
0.06566118823897965,Concrete,0,C52,B78
0.09423449637083203,Concrete,0,C52,C78
0.06559433028121843,Concrete,0,C52,D78
0.0772597711122315,Concrete,0,C52,B80
0.06647979320033374,Concrete,0,C52,C80
0.06497951050727564,Concrete,0,C52,D80
0.0951004247559167,Concrete,0,C52,B83
0.062040558712329774,Concrete,0,C52,C83
0.07313360260167227,Concrete,0,C52,D83
0.06826688789844824,Concrete,0,C52,B88
0.09688978435545954,Concrete,0,C52,C88
0.07512624277389914,Concrete,0,C52,D88
0.0868852992744285,Concrete,0,C52,B91
0.0970446895735778,Concrete,0,C52,C91
0.0699961846727637,Concrete,0,C52,D91
0.07049139054611328,Concrete,0,C52,B92
0.0794830141638644,Concrete,0,C52,C92
0.0662188695999937,Concrete,0,C52,D92
0.0765331464121531,Concrete,0,C52,B94
0.07584752459459643,Concrete,0,C52,C94
0.07912016928261777,Concrete,0,C52,D94
0.09158215787333052,Concrete,0,D52,B53
0.11423335700039505,Concrete,0,D52,C53
0.08661274228401418,Concrete,0,D52,D53
0.08514343738732617,Concrete,0,D52,B54
0.13712065642909688,Concrete,0,D52,C54
0.09772756329792381,Concrete,0,D52,D54
0.10747225496543926,Concrete,0,D52,B55
0.08640144538714284,Concrete,0,D52,C55
0.12245308091464348,Concrete,0,D52,D55
0.1071741917925574,Concrete,0,D52,B57
0.08520754742412386,Concrete,0,D52,C57
0.07926627010251197,Concrete,0,D52,D57
0.10720730123496733,Concrete,0,D52,B63
0.10852642903047807,Concrete,0,D52,C63
0.09715823110926176,Concrete,0,D52,D63
0.08018953806882155,Concrete,0,D52,B65
0.09047211039762577,Concrete,0,D52,C65
0.11850164094946208,Concrete,0,D52,D65
0.11425433246677623,Concrete,0,D52,B67
0.0792040695110944,Concrete,0,D52,C67
0.08867471893695575,Concrete,0,D52,D67
0.10077270372847058,Concrete,0,D52,B71
0.08849193192303094,Concrete,0,D52,C71
0.12925400607104787,Concrete,0,D52,D71
0.08915980196939256,Concrete,0,D52,B77
0.1630512498358511,Concrete,0,D52,C77
0.09261473045137719,Concrete,0,D52,D77
0.08380343222187238,Concrete,0,D52,B78
0.1086777272172365,Concrete,0,D52,C78
0.08145964123495159,Concrete,0,D52,D78
0.08705990462671112,Concrete,0,D52,B80
0.09226888017758003,Concrete,0,D52,C80
0.0903622122814298,Concrete,0,D52,D80
0.11405322643740867,Concrete,0,D52,B83
0.08660013539147594,Concrete,0,D52,C83
0.09514980660422243,Concrete,0,D52,D83
0.0889271127629173,Concrete,0,D52,B88
0.14914145402943246,Concrete,0,D52,C88
0.1334956699129458,Concrete,0,D52,D88
0.10600231774559528,Concrete,0,D52,B91
0.07915975334882933,Concrete,0,D52,C91
0.08927947688374706,Concrete,0,D52,D91
0.08388886627704323,Concrete,0,D52,B92
0.09341967029419343,Concrete,0,D52,C92
0.08261571861088943,Concrete,0,D52,D92
0.1188789253174311,Concrete,0,D52,B94
0.10053808287984563,Concrete,0,D52,C94
0.1185768211181375,Concrete,0,D52,D94
0.06807152786741681,Concrete,0,B53,C53
0.05369938817652546,Concrete,0,B53,D53
0.05671242908302717,Concrete,0,B53,B54
0.07813551061896848,Concrete,0,B53,C54
0.07030119654598309,Concrete,0,B53,D54
0.08060376825645119,Concrete,0,B53,B55
0.04835381418500789,Concrete,0,B53,C55
0.07872822556076622,Concrete,0,B53,D55
0.05086861810459542,Concrete,0,B53,B57
0.055738932863398954,Concrete,0,B53,C57
0.049549374646868094,Concrete,0,B53,D57
0.07719999834057485,Concrete,0,B53,B63
0.07752103223564945,Concrete,0,B53,C63
0.054497860666682996,Concrete,0,B53,D63
0.04746048511767296,Concrete,0,B53,B65
0.06894223818396462,Concrete,0,B53,C65
0.0661085071601531,Concrete,0,B53,D65
0.05925353361552021,Concrete,0,B53,B67
0.047678532242784566,Concrete,0,B53,C67
0.06597909429940604,Concrete,0,B53,D67
0.06081223836686215,Concrete,0,B53,B71
0.05159820975579768,Concrete,0,B53,C71
0.07504405279131585,Concrete,0,B53,D71
0.05849507734421428,Concrete,0,B53,B77
0.10494734279522185,Concrete,0,B53,C77
0.05941408176768334,Concrete,0,B53,D77
0.054100467375555045,Concrete,0,B53,B78
0.08771424584117823,Concrete,0,B53,C78
0.05416579646767559,Concrete,0,B53,D78
0.052565415867850206,Concrete,0,B53,B80
0.05327003310247491,Concrete,0,B53,C80
0.05282133810231252,Concrete,0,B53,D80
0.07102770363327493,Concrete,0,B53,B83
0.05168032080424522,Concrete,0,B53,C83
0.05843450832973954,Concrete,0,B53,D83
0.050544967478467526,Concrete,0,B53,B88
0.09895742153929579,Concrete,0,B53,C88
0.08259764159999793,Concrete,0,B53,D88
0.0657346221047321,Concrete,0,B53,B91
0.07125457006791643,Concrete,0,B53,C91
0.056511181793648384,Concrete,0,B53,D91
0.05659051524271255,Concrete,0,B53,B92
0.0791297754139761,Concrete,0,B53,C92
0.04903518350883227,Concrete,0,B53,D92
0.07086033795548724,Concrete,0,B53,B94
0.07393435771308904,Concrete,0,B53,C94
0.07556203061070445,Concrete,0,B53,D94
0.07002758192023502,Concrete,0,C53,D53
0.07044820251405019,Concrete,0,C53,B54
0.09566632096454249,Concrete,0,C53,C54
0.08568445426460722,Concrete,0,C53,D54
0.09515791609596629,Concrete,0,C53,B55
0.06540026115209432,Concrete,0,C53,C55
0.09948253114212395,Concrete,0,C53,D55
0.0630351390308543,Concrete,0,C53,B57
0.06886719153608294,Concrete,0,C53,C57
0.06506121221006406,Concrete,0,C53,D57
0.09837684261739088,Concrete,0,C53,B63
0.10486457737075078,Concrete,0,C53,C63
0.08022468115987111,Concrete,0,C53,D63
0.06190162883147786,Concrete,0,C53,B65
0.08508702932500932,Concrete,0,C53,C65
0.07809903239700897,Concrete,0,C53,D65
0.08064230820168945,Concrete,0,C53,B67
0.07303984063380398,Concrete,0,C53,C67
0.08523965722286238,Concrete,0,C53,D67
0.07893470135991702,Concrete,0,C53,B71
0.07206933124847219,Concrete,0,C53,C71
0.09857832195534116,Concrete,0,C53,D71
0.07499176036319442,Concrete,0,C53,B77
0.1248978286847786,Concrete,0,C53,C77
0.06670298940024312,Concrete,0,C53,D77
0.07659849611723016,Concrete,0,C53,B78
0.1133142643521096,Concrete,0,C53,C78
0.07061472885773498,Concrete,0,C53,D78
0.06906667283242125,Concrete,0,C53,B80
0.07140936927265512,Concrete,0,C53,C80
0.07813943166939498,Concrete,0,C53,D80
0.06745307993264443,Concrete,0,C53,B83
0.07137508756486452,Concrete,0,C53,C83
0.08560074375512099,Concrete,0,C53,D83
0.07149085238494825,Concrete,0,C53,B88
0.1062241852718127,Concrete,0,C53,C88
0.09457669230354858,Concrete,0,C53,D88
0.08440303536358967,Concrete,0,C53,B91
0.09193175509185517,Concrete,0,C53,C91
0.07202116943203635,Concrete,0,C53,D91
0.07614604094387453,Concrete,0,C53,B92
0.08615480306340097,Concrete,0,C53,C92
0.06782660043252985,Concrete,0,C53,D92
0.07954592428469734,Concrete,0,C53,B94
0.08042905181919321,Concrete,0,C53,C94
0.10386804017497653,Concrete,0,C53,D94
0.059939068111543814,Concrete,0,D53,B54
0.08274809999002708,Concrete,0,D53,C54
0.06384977501771533,Concrete,0,D53,D54
0.0846172942671194,Concrete,0,D53,B55
0.04609638647217205,Concrete,0,D53,C55
0.08719772908574912,Concrete,0,D53,D55
0.06068941447511295,Concrete,0,D53,B57
0.04818669697303918,Concrete,0,D53,C57
0.05436258913914063,Concrete,0,D53,D57
0.09023679887667299,Concrete,0,D53,B63
0.08305272480312648,Concrete,0,D53,C63
0.061780940427435815,Concrete,0,D53,D63
0.04817117117188374,Concrete,0,D53,B65
0.0603033676782818,Concrete,0,D53,C65
0.06107813867895675,Concrete,0,D53,D65
0.07414284895982126,Concrete,0,D53,B67
0.0445362291954809,Concrete,0,D53,C67
0.05852446091583838,Concrete,0,D53,D67
0.05812703080987511,Concrete,0,D53,B71
0.05550899870701981,Concrete,0,D53,C71
0.07082302143906091,Concrete,0,D53,D71
0.061755645028299756,Concrete,0,D53,B77
0.11525656479252973,Concrete,0,D53,C77
0.0627250872583041,Concrete,0,D53,D77
0.059242783024735145,Concrete,0,D53,B78
0.09049216945100277,Concrete,0,D53,C78
0.053757270712728004,Concrete,0,D53,D78
0.05209541484488751,Concrete,0,D53,B80
0.049924115059874805,Concrete,0,D53,C80
0.051385563726275486,Concrete,0,D53,D80
0.07225830250952112,Concrete,0,D53,B83
0.05112998044291204,Concrete,0,D53,C83
0.05873458804758469,Concrete,0,D53,D83
0.047074638230986246,Concrete,0,D53,B88
0.09702516277157604,Concrete,0,D53,C88
0.07193136763772108,Concrete,0,D53,D88
0.0632368444851234,Concrete,0,D53,B91
0.06913234484644844,Concrete,0,D53,C91
0.056645126023454805,Concrete,0,D53,D91
0.05141908466625716,Concrete,0,D53,B92
0.07039044045316599,Concrete,0,D53,C92
0.05371533217769021,Concrete,0,D53,D92
0.07031493633990582,Concrete,0,D53,B94
0.06500938503276252,Concrete,0,D53,C94
0.08250270554351236,Concrete,0,D53,D94
0.08041807044141336,Concrete,0,B54,C54
0.06018746132232808,Concrete,0,B54,D54
0.0914315138791702,Concrete,0,B54,B55
0.049040269208752284,Concrete,0,B54,C55
0.09955729782889844,Concrete,0,B54,D55
0.06009253943095262,Concrete,0,B54,B57
0.05754213884756499,Concrete,0,B54,C57
0.05176270581170778,Concrete,0,B54,D57
0.07755784435571567,Concrete,0,B54,B63
0.07502017099003275,Concrete,0,B54,C63
0.06211809304734789,Concrete,0,B54,D63
0.047045639468458335,Concrete,0,B54,B65
0.06371800472368529,Concrete,0,B54,C65
0.06359052510648502,Concrete,0,B54,D65
0.0723398551882453,Concrete,0,B54,B67
0.05413297278556394,Concrete,0,B54,C67
0.06161697030103317,Concrete,0,B54,D67
0.06543545580829417,Concrete,0,B54,B71
0.05347890559440029,Concrete,0,B54,C71
0.07824062373592365,Concrete,0,B54,D71
0.05607448958303371,Concrete,0,B54,B77
0.11681718517386015,Concrete,0,B54,C77
0.058028036238068965,Concrete,0,B54,D77
0.05666380503375122,Concrete,0,B54,B78
0.09333901010343558,Concrete,0,B54,C78
0.054116203873649384,Concrete,0,B54,D78
0.05630410760538629,Concrete,0,B54,B80
0.06120849309379448,Concrete,0,B54,C80
0.06159365515363217,Concrete,0,B54,D80
0.07390795835775316,Concrete,0,B54,B83
0.05801632271629824,Concrete,0,B54,C83
0.06437789273174926,Concrete,0,B54,D83
0.05821037507839888,Concrete,0,B54,B88
0.10514877791425555,Concrete,0,B54,C88
0.08383023169648576,Concrete,0,B54,D88
0.06554085192171978,Concrete,0,B54,B91
0.08094035752322155,Concrete,0,B54,C91
0.056965022050900184,Concrete,0,B54,D91
0.056380549240024815,Concrete,0,B54,B92
0.06816184841548616,Concrete,0,B54,C92
0.051318835117596835,Concrete,0,B54,D92
0.07544461947448104,Concrete,0,B54,B94
0.06359510739636919,Concrete,0,B54,C94
0.08052372126229637,Concrete,0,B54,D94
0.08490740225291658,Concrete,0,C54,D54
0.10926480181318338,Concrete,0,C54,B55
0.07452782637631843,Concrete,0,C54,C55
0.13142214819243736,Concrete,0,C54,D55
0.07641459666564188,Concrete,0,C54,B57
0.07377400229265642,Concrete,0,C54,C57
0.07032162885438895,Concrete,0,C54,D57
0.08938398013629709,Concrete,0,C54,B63
0.11944805155145247,Concrete,0,C54,C63
0.08097361261864108,Concrete,0,C54,D63
0.06842003381251512,Concrete,0,C54,B65
0.0816704028557167,Concrete,0,C54,C65
0.06179363552833965,Concrete,0,C54,D65
0.09404672087678011,Concrete,0,C54,B67
0.07650638690677469,Concrete,0,C54,C67
0.07568420418497117,Concrete,0,C54,D67
0.07834164979730986,Concrete,0,C54,B71
0.07246048805903657,Concrete,0,C54,C71
0.08831650805753152,Concrete,0,C54,D71
0.06770745269069166,Concrete,0,C54,B77
0.10581833749085735,Concrete,0,C54,C77
0.0775305046572194,Concrete,0,C54,D77
0.07974340341116616,Concrete,0,C54,B78
0.0987731476178178,Concrete,0,C54,C78
0.06970697355094865,Concrete,0,C54,D78
0.07846077197323756,Concrete,0,C54,B80
0.07851485444593527,Concrete,0,C54,C80
0.07867554393442368,Concrete,0,C54,D80
0.09624063106834001,Concrete,0,C54,B83
0.07423650392675234,Concrete,0,C54,C83
0.08240126019710715,Concrete,0,C54,D83
0.07462788934266748,Concrete,0,C54,B88
0.10508732994535483,Concrete,0,C54,C88
0.09582953538380953,Concrete,0,C54,D88
0.09941738430613012,Concrete,0,C54,B91
0.10714248364256372,Concrete,0,C54,C91
0.068522698081986,Concrete,0,C54,D91
0.07770898590155138,Concrete,0,C54,B92
0.08909525167907358,Concrete,0,C54,C92
0.07280296819110708,Concrete,0,C54,D92
0.09434779463917727,Concrete,0,C54,B94
0.09122325501047063,Concrete,0,C54,C94
0.07068256752448887,Concrete,0,C54,D94
0.09209903839727096,Concrete,0,D54,B55
0.06006461707344659,Concrete,0,D54,C55
0.11686454615183485,Concrete,0,D54,D55
0.06352533260371365,Concrete,0,D54,B57
0.06364497259492062,Concrete,0,D54,C57
0.06280967358893685,Concrete,0,D54,D57
0.09424607090780278,Concrete,0,D54,B63
0.08877188589398566,Concrete,0,D54,C63
0.07412171945367935,Concrete,0,D54,D63
0.05367127186815462,Concrete,0,D54,B65
0.06093417091246633,Concrete,0,D54,C65
0.06695117061485997,Concrete,0,D54,D65
0.09257399634390209,Concrete,0,D54,B67
0.05469703440379064,Concrete,0,D54,C67
0.059867241479995253,Concrete,0,D54,D67
0.06415558074627538,Concrete,0,D54,B71
0.061386059071859275,Concrete,0,D54,C71
0.0778297383758928,Concrete,0,D54,D71
0.060821058685977494,Concrete,0,D54,B77
0.14904705013602063,Concrete,0,D54,C77
0.07194501599117462,Concrete,0,D54,D77
0.06405939482653278,Concrete,0,D54,B78
0.08019793023873162,Concrete,0,D54,C78
0.0646487257424559,Concrete,0,D54,D78
0.07435841723374303,Concrete,0,D54,B80
0.06291372848071732,Concrete,0,D54,C80
0.06548418992828522,Concrete,0,D54,D80
0.08884054852649591,Concrete,0,D54,B83
0.05888767831486228,Concrete,0,D54,C83
0.07111663918541469,Concrete,0,D54,D83
0.06159090704957183,Concrete,0,D54,B88
0.09718953271222294,Concrete,0,D54,C88
0.08892359916811686,Concrete,0,D54,D88
0.06899558809489373,Concrete,0,D54,B91
0.0924186027818514,Concrete,0,D54,C91
0.06571583372574635,Concrete,0,D54,D91
0.06081299463257519,Concrete,0,D54,B92
0.06808083262577128,Concrete,0,D54,C92
0.060442006139565706,Concrete,0,D54,D92
0.0784036633438224,Concrete,0,D54,B94
0.06886308247748733,Concrete,0,D54,C94
0.08010607139117959,Concrete,0,D54,D94
0.07359430110425708,Concrete,0,B55,C55
0.10850359306502538,Concrete,0,B55,D55
0.0773283702031516,Concrete,0,B55,B57
0.08202444237259393,Concrete,0,B55,C57
0.07367167791824619,Concrete,0,B55,D57
0.10637825113866509,Concrete,0,B55,B63
0.11840972326812406,Concrete,0,B55,C63
0.08134327987470188,Concrete,0,B55,D63
0.07146913306234177,Concrete,0,B55,B65
0.09394794868245868,Concrete,0,B55,C65
0.08485646510926168,Concrete,0,B55,D65
0.11758042523229725,Concrete,0,B55,B67
0.07801758007017905,Concrete,0,B55,C67
0.08702151979095617,Concrete,0,B55,D67
0.07872162689508769,Concrete,0,B55,B71
0.08248802318125531,Concrete,0,B55,C71
0.11313709460531444,Concrete,0,B55,D71
0.0800379671148966,Concrete,0,B55,B77
0.13348148497287465,Concrete,0,B55,C77
0.08264252139190353,Concrete,0,B55,D77
0.08179829763287982,Concrete,0,B55,B78
0.12826658791012677,Concrete,0,B55,C78
0.07199790633949929,Concrete,0,B55,D78
0.08194959129211432,Concrete,0,B55,B80
0.07691525730175289,Concrete,0,B55,C80
0.09098101541538209,Concrete,0,B55,D80
0.08614550228957263,Concrete,0,B55,B83
0.07481525107245747,Concrete,0,B55,C83
0.08411517831057737,Concrete,0,B55,D83
0.07824443206136787,Concrete,0,B55,B88
0.10436200148007702,Concrete,0,B55,C88
0.08930224800769752,Concrete,0,B55,D88
0.08692298588857582,Concrete,0,B55,B91
0.1018050573676266,Concrete,0,B55,C91
0.07628318916423678,Concrete,0,B55,D91
0.07855805797542846,Concrete,0,B55,B92
0.08895478792579312,Concrete,0,B55,C92
0.07854430824575925,Concrete,0,B55,D92
0.09431266751757368,Concrete,0,B55,B94
0.08913148384650478,Concrete,0,B55,C94
0.10439641754480718,Concrete,0,B55,D94
0.08400290556243097,Concrete,0,C55,D55
0.05394446011215038,Concrete,0,C55,B57
0.050150454060730196,Concrete,0,C55,C57
0.04785756273705515,Concrete,0,C55,D57
0.08214990180248229,Concrete,0,C55,B63
0.07904019349130084,Concrete,0,C55,C63
0.05254131757218665,Concrete,0,C55,D63
0.04052430588204614,Concrete,0,C55,B65
0.057514978653640934,Concrete,0,C55,C65
0.05544710306756971,Concrete,0,C55,D65
0.07260285997415027,Concrete,0,C55,B67
0.04343120580081133,Concrete,0,C55,C67
0.05504901215540559,Concrete,0,C55,D67
0.05533765958339188,Concrete,0,C55,B71
0.053199314179478895,Concrete,0,C55,C71
0.06740771194596007,Concrete,0,C55,D71
0.05150186972157313,Concrete,0,C55,B77
0.11234444042612363,Concrete,0,C55,C77
0.05680213266553301,Concrete,0,C55,D77
0.05087014345733827,Concrete,0,C55,B78
0.08344268459438428,Concrete,0,C55,C78
0.04894698097352502,Concrete,0,C55,D78
0.05148167092441165,Concrete,0,C55,B80
0.05083342301704628,Concrete,0,C55,C80
0.04943476364524883,Concrete,0,C55,D80
0.07093921191495285,Concrete,0,C55,B83
0.047911494932676636,Concrete,0,C55,C83
0.05853298943682886,Concrete,0,C55,D83
0.04850807097322396,Concrete,0,C55,B88
0.09273434475782424,Concrete,0,C55,C88
0.0728295048786925,Concrete,0,C55,D88
0.06060382675584685,Concrete,0,C55,B91
0.06544873389163453,Concrete,0,C55,C91
0.04833187480985934,Concrete,0,C55,D91
0.056195517364589165,Concrete,0,C55,B92
0.06292707642243292,Concrete,0,C55,C92
0.04518553282634005,Concrete,0,C55,D92
0.0629485577457744,Concrete,0,C55,B94
0.06426720058224479,Concrete,0,C55,C94
0.07260379610193259,Concrete,0,C55,D94
0.08193071608393845,Concrete,0,D55,B57
0.08660531827203082,Concrete,0,D55,C57
0.07796587025195766,Concrete,0,D55,D57
0.12844409718841812,Concrete,0,D55,B63
0.09674219724847154,Concrete,0,D55,C63
0.09028733897405533,Concrete,0,D55,D63
0.08117153531644816,Concrete,0,D55,B65
0.10994884758944526,Concrete,0,D55,C65
0.11960607530015424,Concrete,0,D55,D65
0.09055429252241652,Concrete,0,D55,B67
0.0813330292102704,Concrete,0,D55,C67
0.09981364695486784,Concrete,0,D55,D67
0.08686683778986613,Concrete,0,D55,B71
0.09225245653429312,Concrete,0,D55,C71
0.10433493634001494,Concrete,0,D55,D71
0.0926538615652297,Concrete,0,D55,B77
0.13744781606433928,Concrete,0,D55,C77
0.08978090061968201,Concrete,0,D55,D77
0.09641802631526016,Concrete,0,D55,B78
0.1334445803789977,Concrete,0,D55,C78
0.08665025206783576,Concrete,0,D55,D78
0.07594589546898767,Concrete,0,D55,B80
0.08640603370414114,Concrete,0,D55,C80
0.08221210967122212,Concrete,0,D55,D80
0.1075290707321426,Concrete,0,D55,B83
0.0855809782327819,Concrete,0,D55,C83
0.10466638583892668,Concrete,0,D55,D83
0.08512766500076813,Concrete,0,D55,B88
0.11466180262591502,Concrete,0,D55,C88
0.10704043290060065,Concrete,0,D55,D88
0.09812691360227913,Concrete,0,D55,B91
0.12015370901508679,Concrete,0,D55,C91
0.08853523467012243,Concrete,0,D55,D91
0.09292305266940826,Concrete,0,D55,B92
0.11335841173813747,Concrete,0,D55,C92
0.08418675200060326,Concrete,0,D55,D92
0.09227703818003354,Concrete,0,D55,B94
0.10489162716631913,Concrete,0,D55,C94
0.12133072650688245,Concrete,0,D55,D94
0.051590032294678054,Concrete,0,B57,C57
0.052608640903361446,Concrete,0,B57,D57
0.08867367287438573,Concrete,0,B57,B63
0.07174537577447462,Concrete,0,B57,C63
0.057495619609169574,Concrete,0,B57,D63
0.050977330574114,Concrete,0,B57,B65
0.06323792672120336,Concrete,0,B57,C65
0.06454475974204439,Concrete,0,B57,D65
0.06596302704315112,Concrete,0,B57,B67
0.05344140273460716,Concrete,0,B57,C67
0.06165231892477998,Concrete,0,B57,D67
0.0685815523427791,Concrete,0,B57,B71
0.05292519808382799,Concrete,0,B57,C71
0.06410184259010489,Concrete,0,B57,D71
0.057857079404880225,Concrete,0,B57,B77
0.13615448327891097,Concrete,0,B57,C77
0.055747789375971024,Concrete,0,B57,D77
0.059065509626584384,Concrete,0,B57,B78
0.08269266072007593,Concrete,0,B57,C78
0.053297883209034065,Concrete,0,B57,D78
0.0634644054078887,Concrete,0,B57,B80
0.057544514752957014,Concrete,0,B57,C80
0.05432422725208772,Concrete,0,B57,D80
0.0681986452705184,Concrete,0,B57,B83
0.054792471516426626,Concrete,0,B57,C83
0.06972568695579695,Concrete,0,B57,D83
0.06006834977290682,Concrete,0,B57,B88
0.07417656597412856,Concrete,0,B57,C88
0.0832757565041236,Concrete,0,B57,D88
0.06389985578532353,Concrete,0,B57,B91
0.08884035225080324,Concrete,0,B57,C91
0.05702647303127774,Concrete,0,B57,D91
0.058538059684786994,Concrete,0,B57,B92
0.06909693508342707,Concrete,0,B57,C92
0.05398076340384344,Concrete,0,B57,D92
0.059321995940456514,Concrete,0,B57,B94
0.07905854046222745,Concrete,0,B57,C94
0.08783032640741892,Concrete,0,B57,D94
0.047596954592606225,Concrete,0,C57,D57
0.0819437668287827,Concrete,0,C57,B63
0.07489546205959499,Concrete,0,C57,C63
0.058751069060296715,Concrete,0,C57,D63
0.04328027175911271,Concrete,0,C57,B65
0.05368453048763361,Concrete,0,C57,C65
0.060763177488765634,Concrete,0,C57,D65
0.06868744903021133,Concrete,0,C57,B67
0.048201770138562666,Concrete,0,C57,C67
0.05181728335534427,Concrete,0,C57,D67
0.06502484120089036,Concrete,0,C57,B71
0.0505014242840075,Concrete,0,C57,C71
0.06915185914711483,Concrete,0,C57,D71
0.053874319217827565,Concrete,0,C57,B77
0.11344895634662913,Concrete,0,C57,C77
0.0586827257877072,Concrete,0,C57,D77
0.050772869672447596,Concrete,0,C57,B78
0.0745168976157543,Concrete,0,C57,C78
0.04522941617222224,Concrete,0,C57,D78
0.057566033230914845,Concrete,0,C57,B80
0.05184947583741291,Concrete,0,C57,C80
0.050329246146372054,Concrete,0,C57,D80
0.06414727905561178,Concrete,0,C57,B83
0.05459885396781105,Concrete,0,C57,C83
0.0600275375767232,Concrete,0,C57,D83
0.051255978368234145,Concrete,0,C57,B88
0.09364629750628191,Concrete,0,C57,C88
0.07239381629612282,Concrete,0,C57,D88
0.06364120614515907,Concrete,0,C57,B91
0.07470493440128495,Concrete,0,C57,C91
0.05812912903264288,Concrete,0,C57,D91
0.05182365685934048,Concrete,0,C57,B92
0.06483577881574751,Concrete,0,C57,C92
0.046503032233227506,Concrete,0,C57,D92
0.06488182544706428,Concrete,0,C57,B94
0.06600599408313564,Concrete,0,C57,C94
0.07568459849092167,Concrete,0,C57,D94
0.07577969665196471,Concrete,0,D57,B63
0.07460500753907051,Concrete,0,D57,C63
0.05125517902994672,Concrete,0,D57,D63
0.041646256302567054,Concrete,0,D57,B65
0.05547249700969182,Concrete,0,D57,C65
0.06011643597295233,Concrete,0,D57,D65
0.06722273837446391,Concrete,0,D57,B67
0.04853444141845321,Concrete,0,D57,C67
0.056740367734765346,Concrete,0,D57,D67
0.052335957596876516,Concrete,0,D57,B71
0.05090010370875545,Concrete,0,D57,C71
0.06639999370808401,Concrete,0,D57,D71
0.058243342421278245,Concrete,0,D57,B77
0.10715668761216873,Concrete,0,D57,C77
0.05525688108142949,Concrete,0,D57,D77
0.049391040789955466,Concrete,0,D57,B78
0.07527914333336974,Concrete,0,D57,C78
0.04275068234437693,Concrete,0,D57,D78
0.05486539772682635,Concrete,0,D57,B80
0.04522454703976916,Concrete,0,D57,C80
0.052332158922068696,Concrete,0,D57,D80
0.06253485409836711,Concrete,0,D57,B83
0.042672401733369655,Concrete,0,D57,C83
0.05976067107739123,Concrete,0,D57,D83
0.0477611528263158,Concrete,0,D57,B88
0.09920973158530091,Concrete,0,D57,C88
0.07331789591859773,Concrete,0,D57,D88
0.0638897426948209,Concrete,0,D57,B91
0.0695506733099432,Concrete,0,D57,C91
0.04703629031536466,Concrete,0,D57,D91
0.052795436320067814,Concrete,0,D57,B92
0.058333540014470435,Concrete,0,D57,C92
0.05222542084646509,Concrete,0,D57,D92
0.06931446863187506,Concrete,0,D57,B94
0.05498722415530718,Concrete,0,D57,C94
0.06814536461926747,Concrete,0,D57,D94
0.10159482914948978,Concrete,0,B63,C63
0.08217548501433235,Concrete,0,B63,D63
0.07462105499706043,Concrete,0,B63,B65
0.09081177266354816,Concrete,0,B63,C65
0.08312300314656733,Concrete,0,B63,D65
0.11187272730831536,Concrete,0,B63,B67
0.08442769270284595,Concrete,0,B63,C67
0.08316887360465613,Concrete,0,B63,D67
0.08808780109120981,Concrete,0,B63,B71
0.08011549196598568,Concrete,0,B63,C71
0.10559458813270602,Concrete,0,B63,D71
0.08258048928984751,Concrete,0,B63,B77
0.1515360689689475,Concrete,0,B63,C77
0.09044820147824621,Concrete,0,B63,D77
0.0852875280028466,Concrete,0,B63,B78
0.09378307789023528,Concrete,0,B63,C78
0.07870559777394777,Concrete,0,B63,D78
0.0918650161951779,Concrete,0,B63,B80
0.08564680253076178,Concrete,0,B63,C80
0.07149366963860851,Concrete,0,B63,D80
0.10554286524860794,Concrete,0,B63,B83
0.08292675486676002,Concrete,0,B63,C83
0.0960474583862519,Concrete,0,B63,D83
0.085525614359658,Concrete,0,B63,B88
0.15624721662476376,Concrete,0,B63,C88
0.0927824462748389,Concrete,0,B63,D88
0.09711422749888943,Concrete,0,B63,B91
0.09760660336422369,Concrete,0,B63,C91
0.07742318597884675,Concrete,0,B63,D91
0.08740829688023571,Concrete,0,B63,B92
0.09051070170960443,Concrete,0,B63,C92
0.0791062919601664,Concrete,0,B63,D92
0.10948748433984469,Concrete,0,B63,B94
0.09733976196999332,Concrete,0,B63,C94
0.09500964489701465,Concrete,0,B63,D94
0.07781160439958901,Concrete,0,C63,D63
0.06403812424650929,Concrete,0,C63,B65
0.07744258086698601,Concrete,0,C63,C65
0.09563902707611774,Concrete,0,C63,D65
0.0798604468840784,Concrete,0,C63,B67
0.07761678512833986,Concrete,0,C63,C67
0.08348256823460627,Concrete,0,C63,D67
0.0838019483272098,Concrete,0,C63,B71
0.07696603181004776,Concrete,0,C63,C71
0.07844242188759631,Concrete,0,C63,D71
0.08420303358106374,Concrete,0,C63,B77
0.18223865292883767,Concrete,0,C63,C77
0.07307850021436546,Concrete,0,C63,D77
0.07737548799935058,Concrete,0,C63,B78
0.09537846168796993,Concrete,0,C63,C78
0.07320568436774048,Concrete,0,C63,D78
0.08698152032671508,Concrete,0,C63,B80
0.07810436306961246,Concrete,0,C63,C80
0.07151841805288972,Concrete,0,C63,D80
0.09873802078564396,Concrete,0,C63,B83
0.07539053729693634,Concrete,0,C63,C83
0.08423515442629613,Concrete,0,C63,D83
0.08216377940108305,Concrete,0,C63,B88
0.1329206873896641,Concrete,0,C63,C88
0.09759290959518803,Concrete,0,C63,D88
0.06077564228961659,Concrete,0,C63,B91
0.09382648919082336,Concrete,0,C63,C91
0.07564694366088599,Concrete,0,C63,D91
0.08165947644602393,Concrete,0,C63,B92
0.08626675793607289,Concrete,0,C63,C92
0.07334603552919527,Concrete,0,C63,D92
0.08369252900182106,Concrete,0,C63,B94
0.08868451188901183,Concrete,0,C63,C94
0.1181157206966149,Concrete,0,C63,D94
0.05009996822229735,Concrete,0,D63,B65
0.06085688192934239,Concrete,0,D63,C65
0.06412556839637823,Concrete,0,D63,D65
0.07727465940905362,Concrete,0,D63,B67
0.054910561505609475,Concrete,0,D63,C67
0.06011697030483582,Concrete,0,D63,D67
0.06516244802425404,Concrete,0,D63,B71
0.05790286769170898,Concrete,0,D63,C71
0.07897370130490108,Concrete,0,D63,D71
0.058866197563255195,Concrete,0,D63,B77
0.12092115239504392,Concrete,0,D63,C77
0.06697467563961329,Concrete,0,D63,D77
0.06133242403166125,Concrete,0,D63,B78
0.08256226107305933,Concrete,0,D63,C78
0.048666929722262664,Concrete,0,D63,D78
0.057676045049171856,Concrete,0,D63,B80
0.056049601676384286,Concrete,0,D63,C80
0.060845451946486155,Concrete,0,D63,D80
0.0760752364244569,Concrete,0,D63,B83
0.056232334626251546,Concrete,0,D63,C83
0.06733980780338468,Concrete,0,D63,D83
0.05803176452186492,Concrete,0,D63,B88
0.10661379972500742,Concrete,0,D63,C88
0.07528615801683004,Concrete,0,D63,D88
0.0619083674575258,Concrete,0,D63,B91
0.07491255314534595,Concrete,0,D63,C91
0.055329125673297015,Concrete,0,D63,D91
0.0608298308113969,Concrete,0,D63,B92
0.06275677648703643,Concrete,0,D63,C92
0.051004637165980804,Concrete,0,D63,D92
0.0794979037936926,Concrete,0,D63,B94
0.06796377142040425,Concrete,0,D63,C94
0.07215927591666538,Concrete,0,D63,D94
0.05170935056523349,Concrete,0,B65,C65
0.048875140948570144,Concrete,0,B65,D65
0.06559674080691191,Concrete,0,B65,B67
0.042565190596448525,Concrete,0,B65,C67
0.04800655240093252,Concrete,0,B65,D67
0.0524141548761498,Concrete,0,B65,B71
0.04503791252719839,Concrete,0,B65,C71
0.06407219863635004,Concrete,0,B65,D71
0.04941803101074405,Concrete,0,B65,B77
0.10763147397717766,Concrete,0,B65,C77
0.049474579497845096,Concrete,0,B65,D77
0.04695808421562644,Concrete,0,B65,B78
0.07866588782590855,Concrete,0,B65,C78
0.043270387472231525,Concrete,0,B65,D78
0.050765797656813584,Concrete,0,B65,B80
0.0454200221723259,Concrete,0,B65,C80
0.044888929541512156,Concrete,0,B65,D80
0.06264590130900964,Concrete,0,B65,B83
0.04473418025404697,Concrete,0,B65,C83
0.05288802375031644,Concrete,0,B65,D83
0.04560736104875152,Concrete,0,B65,B88
0.08952343622759354,Concrete,0,B65,C88
0.06655531452663131,Concrete,0,B65,D88
0.05287110849127719,Concrete,0,B65,B91
0.061566860188478165,Concrete,0,B65,C91
0.045007387693283836,Concrete,0,B65,D91
0.047364256521712986,Concrete,0,B65,B92
0.05841751110022213,Concrete,0,B65,C92
0.039254410586621526,Concrete,0,B65,D92
0.058024917290621494,Concrete,0,B65,B94
0.05611864709906645,Concrete,0,B65,C94
0.06528363154217555,Concrete,0,B65,D94
0.06190532050605612,Concrete,0,C65,D65
0.08585551109962133,Concrete,0,C65,B67
0.05486437134306593,Concrete,0,C65,C67
0.054126077029383414,Concrete,0,C65,D67
0.06494271653202954,Concrete,0,C65,B71
0.057178375997090705,Concrete,0,C65,C71
0.07829382852288413,Concrete,0,C65,D71
0.061485951083027006,Concrete,0,C65,B77
0.14853121317710252,Concrete,0,C65,C77
0.060444420900018954,Concrete,0,C65,D77
0.0631993435323852,Concrete,0,C65,B78
0.07300111056533455,Concrete,0,C65,C78
0.05724047167789734,Concrete,0,C65,D78
0.07244560583188994,Concrete,0,C65,B80
0.055708017649038565,Concrete,0,C65,C80
0.05946407340291475,Concrete,0,C65,D80
0.07623294417382698,Concrete,0,C65,B83
0.06192669475854986,Concrete,0,C65,C83
0.07627691163057129,Concrete,0,C65,D83
0.056416160150532295,Concrete,0,C65,B88
0.10238485549990406,Concrete,0,C65,C88
0.08414654781609252,Concrete,0,C65,D88
0.06533899876961768,Concrete,0,C65,B91
0.08222745987321922,Concrete,0,C65,C91
0.05649209757171567,Concrete,0,C65,D91
0.059308536693955936,Concrete,0,C65,B92
0.05675689418259758,Concrete,0,C65,C92
0.04950683792557243,Concrete,0,C65,D92
0.07546750318136104,Concrete,0,C65,B94
0.06393117857040215,Concrete,0,C65,C94
0.0815675876591599,Concrete,0,C65,D94
0.09055418353845864,Concrete,0,D65,B67
0.052083204667833345,Concrete,0,D65,C67
0.05480875785228613,Concrete,0,D65,D67
0.06659210707077942,Concrete,0,D65,B71
0.06263703447573012,Concrete,0,D65,C71
0.0774859625709633,Concrete,0,D65,D71
0.06116789501527742,Concrete,0,D65,B77
0.12462393829602093,Concrete,0,D65,C77
0.06294512004492668,Concrete,0,D65,D77
0.07041218080861475,Concrete,0,D65,B78
0.0960277600889444,Concrete,0,D65,C78
0.06357650756531734,Concrete,0,D65,D78
0.0626247998156809,Concrete,0,D65,B80
0.060286047185156705,Concrete,0,D65,C80
0.06524628073673792,Concrete,0,D65,D80
0.08063726884460304,Concrete,0,D65,B83
0.061798953988117376,Concrete,0,D65,C83
0.07530182730986351,Concrete,0,D65,D83
0.06278086786374748,Concrete,0,D65,B88
0.10233208752700275,Concrete,0,D65,C88
0.06859271318757845,Concrete,0,D65,D88
0.06876846383839899,Concrete,0,D65,B91
0.08022853755874372,Concrete,0,D65,C91
0.06009956774983281,Concrete,0,D65,D91
0.06241961021781847,Concrete,0,D65,B92
0.05988376003960617,Concrete,0,D65,C92
0.05769671438902238,Concrete,0,D65,D92
0.08751004043057894,Concrete,0,D65,B94
0.05644420274661137,Concrete,0,D65,C94
0.06928529418818218,Concrete,0,D65,D94
0.06899977766536276,Concrete,0,B67,C67
0.08422698609559483,Concrete,0,B67,D67
0.07536806331210873,Concrete,0,B67,B71
0.0753964899799574,Concrete,0,B67,C71
0.08331557272151495,Concrete,0,B67,D71
0.07388191623269151,Concrete,0,B67,B77
0.14281395511649822,Concrete,0,B67,C77
0.08061622209173987,Concrete,0,B67,D77
0.07561180696376377,Concrete,0,B67,B78
0.09558854872215979,Concrete,0,B67,C78
0.06936353958132115,Concrete,0,B67,D78
0.07376058187508251,Concrete,0,B67,B80
0.07544329613672436,Concrete,0,B67,C80
0.06870031861065162,Concrete,0,B67,D80
0.07819019171084343,Concrete,0,B67,B83
0.07370731489563874,Concrete,0,B67,C83
0.07653282250146948,Concrete,0,B67,D83
0.0731169846357464,Concrete,0,B67,B88
0.129236117414171,Concrete,0,B67,C88
0.1064733810300949,Concrete,0,B67,D88
0.08972940291011615,Concrete,0,B67,B91
0.08595280231129006,Concrete,0,B67,C91
0.07452994175805278,Concrete,0,B67,D91
0.07659700869179344,Concrete,0,B67,B92
0.10494430974354506,Concrete,0,B67,C92
0.07212012746006292,Concrete,0,B67,D92
0.08149865370769874,Concrete,0,B67,B94
0.10136708897200326,Concrete,0,B67,C94
0.1167948238285345,Concrete,0,B67,D94
0.050360421050554306,Concrete,0,C67,D67
0.051070724376493966,Concrete,0,C67,B71
0.05124269987701869,Concrete,0,C67,C71
0.0674499879324769,Concrete,0,C67,D71
0.05229892249639627,Concrete,0,C67,B77
0.11850433878682476,Concrete,0,C67,C77
0.0571337697934176,Concrete,0,C67,D77
0.05643537696193282,Concrete,0,C67,B78
0.0792264577623633,Concrete,0,C67,C78
0.050831588364687055,Concrete,0,C67,D78
0.053823019599484496,Concrete,0,C67,B80
0.049075898257933764,Concrete,0,C67,C80
0.05001861663035182,Concrete,0,C67,D80
0.0708952027206114,Concrete,0,C67,B83
0.050791830847806245,Concrete,0,C67,C83
0.052410596148737075,Concrete,0,C67,D83
0.04693212696958697,Concrete,0,C67,B88
0.09174712407549354,Concrete,0,C67,C88
0.07254736489388426,Concrete,0,C67,D88
0.061463501517212284,Concrete,0,C67,B91
0.06556672417929967,Concrete,0,C67,C91
0.05030170631711074,Concrete,0,C67,D91
0.04416262236069341,Concrete,0,C67,B92
0.06395310560513776,Concrete,0,C67,C92
0.04810919996761786,Concrete,0,C67,D92
0.060908063806482116,Concrete,0,C67,B94
0.056856849732562074,Concrete,0,C67,C94
0.07780654556698051,Concrete,0,C67,D94
0.0607348812214833,Concrete,0,D67,B71
0.05843035992564856,Concrete,0,D67,C71
0.07767387608622967,Concrete,0,D67,D71
0.055339748092443894,Concrete,0,D67,B77
0.12200075047411399,Concrete,0,D67,C77
0.06552385045314853,Concrete,0,D67,D77
0.0566608009710134,Concrete,0,D67,B78
0.08057321333153458,Concrete,0,D67,C78
0.05635610812958637,Concrete,0,D67,D78
0.062204738006292906,Concrete,0,D67,B80
0.06290639599145512,Concrete,0,D67,C80
0.05381865089474613,Concrete,0,D67,D80
0.0763415444340973,Concrete,0,D67,B83
0.0558942723382661,Concrete,0,D67,C83
0.06877286053834551,Concrete,0,D67,D83
0.05868072197960979,Concrete,0,D67,B88
0.09511795634539194,Concrete,0,D67,C88
0.07516569653466035,Concrete,0,D67,D88
0.065996703378621,Concrete,0,D67,B91
0.07382405365328681,Concrete,0,D67,C91
0.06007297605362917,Concrete,0,D67,D91
0.06239763828870387,Concrete,0,D67,B92
0.05256533519770783,Concrete,0,D67,C92
0.05149290690570918,Concrete,0,D67,D92
0.07808132866157527,Concrete,0,D67,B94
0.06521082787592129,Concrete,0,D67,C94
0.0722084595070185,Concrete,0,D67,D94
0.0558263506488098,Concrete,0,B71,C71
0.07042186136458406,Concrete,0,B71,D71
0.05873127582225468,Concrete,0,B71,B77
0.12052147327554186,Concrete,0,B71,C77
0.06294724005782525,Concrete,0,B71,D77
0.061526164822441824,Concrete,0,B71,B78
0.093067713020094,Concrete,0,B71,C78
0.05784261817347406,Concrete,0,B71,D78
0.06467025865627049,Concrete,0,B71,B80
0.05600460728150092,Concrete,0,B71,C80
0.05242428739202026,Concrete,0,B71,D80
0.08118026348606001,Concrete,0,B71,B83
0.05862617563469548,Concrete,0,B71,C83
0.05772567981007823,Concrete,0,B71,D83
0.05185460071752518,Concrete,0,B71,B88
0.10378076158578489,Concrete,0,B71,C88
0.0748202649161598,Concrete,0,B71,D88
0.07262899348519367,Concrete,0,B71,B91
0.07437921848604795,Concrete,0,B71,C91
0.049952598904594546,Concrete,0,B71,D91
0.06047284773239353,Concrete,0,B71,B92
0.0645724753077779,Concrete,0,B71,C92
0.05982503753092645,Concrete,0,B71,D92
0.07939847877287678,Concrete,0,B71,B94
0.06244563404303604,Concrete,0,B71,C94
0.07875106748818025,Concrete,0,B71,D94
0.06890895829299287,Concrete,0,C71,D71
0.05410102741999216,Concrete,0,C71,B77
0.11046362896144558,Concrete,0,C71,C77
0.059371225232419465,Concrete,0,C71,D77
0.055661592941114654,Concrete,0,C71,B78
0.08118267894817524,Concrete,0,C71,C78
0.04268237998912352,Concrete,0,C71,D78
0.0519761413643588,Concrete,0,C71,B80
0.048433150655047025,Concrete,0,C71,C80
0.05231117864988538,Concrete,0,C71,D80
0.06963467259036692,Concrete,0,C71,B83
0.04659778749890005,Concrete,0,C71,C83
0.06086293569205902,Concrete,0,C71,D83
0.04963829279609697,Concrete,0,C71,B88
0.0929591194575744,Concrete,0,C71,C88
0.07177377102787363,Concrete,0,C71,D88
0.06520739409026331,Concrete,0,C71,B91
0.07704653725857312,Concrete,0,C71,C91
0.04910804527380993,Concrete,0,C71,D91
0.054585644899245944,Concrete,0,C71,B92
0.06308787071387882,Concrete,0,C71,C92
0.05050752845460559,Concrete,0,C71,D92
0.06916953463586403,Concrete,0,C71,B94
0.058712544562494313,Concrete,0,C71,C94
0.07067758327459428,Concrete,0,C71,D94
0.0744909704363886,Concrete,0,D71,B77
0.1501907910384872,Concrete,0,D71,C77
0.06388828822771428,Concrete,0,D71,D77
0.08175084428393699,Concrete,0,D71,B78
0.09204787081200935,Concrete,0,D71,C78
0.07319824629113206,Concrete,0,D71,D78
0.07588291774432032,Concrete,0,D71,B80
0.07107476970764952,Concrete,0,D71,C80
0.06324293211123187,Concrete,0,D71,D80
0.11162910906072757,Concrete,0,D71,B83
0.06790459436791323,Concrete,0,D71,C83
0.07624781941279278,Concrete,0,D71,D83
0.07374429167997885,Concrete,0,D71,B88
0.10886183617404503,Concrete,0,D71,C88
0.09148845901980183,Concrete,0,D71,D88
0.0745513169022862,Concrete,0,D71,B91
0.10002776012091207,Concrete,0,D71,C91
0.069879919833038,Concrete,0,D71,D91
0.0755456976120441,Concrete,0,D71,B92
0.08268614910133415,Concrete,0,D71,C92
0.07300811645022907,Concrete,0,D71,D92
0.07442571438889131,Concrete,0,D71,B94
0.08214226857669807,Concrete,0,D71,C94
0.09597738195325314,Concrete,0,D71,D94
0.10843893832947527,Concrete,0,B77,C77
0.05691576389498249,Concrete,0,B77,D77
0.06187703144801563,Concrete,0,B77,B78
0.08211450862050398,Concrete,0,B77,C78
0.04993859713544604,Concrete,0,B77,D78
0.05781011848273309,Concrete,0,B77,B80
0.05291836462201651,Concrete,0,B77,C80
0.05644282039237859,Concrete,0,B77,D80
0.07801858832814969,Concrete,0,B77,B83
0.05683661003684202,Concrete,0,B77,C83
0.06382284279304232,Concrete,0,B77,D83
0.05833231349310288,Concrete,0,B77,B88
0.09610752640148089,Concrete,0,B77,C88
0.07753721727068863,Concrete,0,B77,D88
0.06572290593856873,Concrete,0,B77,B91
0.07216161777177182,Concrete,0,B77,C91
0.05168962905774091,Concrete,0,B77,D91
0.057357142379836225,Concrete,0,B77,B92
0.06965758128222381,Concrete,0,B77,C92
0.05044050969246371,Concrete,0,B77,D92
0.06727973315262045,Concrete,0,B77,B94
0.0669707756672942,Concrete,0,B77,C94
0.07458968841174736,Concrete,0,B77,D94
0.12025115010179792,Concrete,0,C77,D77
0.11918142370707094,Concrete,0,C77,B78
0.1883585956499775,Concrete,0,C77,C78
0.1050341982519237,Concrete,0,C77,D78
0.10025773160407596,Concrete,0,C77,B80
0.11293036567614938,Concrete,0,C77,C80
0.13020686053109534,Concrete,0,C77,D80
0.1282280164275187,Concrete,0,C77,B83
0.10969965761794422,Concrete,0,C77,C83
0.130293416855667,Concrete,0,C77,D83
0.10686700816274433,Concrete,0,C77,B88
0.16159994629215937,Concrete,0,C77,C88
0.1308756985699486,Concrete,0,C77,D88
0.15532022061614814,Concrete,0,C77,B91
0.12883874298460105,Concrete,0,C77,C91
0.10603572776565655,Concrete,0,C77,D91
0.11975221642938735,Concrete,0,C77,B92
0.1435649960318036,Concrete,0,C77,C92
0.1129502071566735,Concrete,0,C77,D92
0.15140972674608208,Concrete,0,C77,B94
0.1291450905668822,Concrete,0,C77,C94
0.1008394715451099,Concrete,0,C77,D94
0.06675374941710822,Concrete,0,D77,B78
0.09302855621843552,Concrete,0,D77,C78
0.05338473942906831,Concrete,0,D77,D78
0.05881388926524101,Concrete,0,D77,B80
0.05852599005046912,Concrete,0,D77,C80
0.06391581015869258,Concrete,0,D77,D80
0.07833807028680477,Concrete,0,D77,B83
0.05772268448343727,Concrete,0,D77,C83
0.06807093635812347,Concrete,0,D77,D83
0.05457215960105215,Concrete,0,D77,B88
0.0888786165040418,Concrete,0,D77,C88
0.08191030079372731,Concrete,0,D77,D88
0.06241362302460206,Concrete,0,D77,B91
0.08469583269601286,Concrete,0,D77,C91
0.0570609592180726,Concrete,0,D77,D91
0.060681490331382135,Concrete,0,D77,B92
0.07270429088796022,Concrete,0,D77,C92
0.0552228887362332,Concrete,0,D77,D92
0.07060466629284845,Concrete,0,D77,B94
0.06719337752600296,Concrete,0,D77,C94
0.07884733715789016,Concrete,0,D77,D94
0.08490513449401003,Concrete,0,B78,C78
0.04878059260335105,Concrete,0,B78,D78
0.05872672151924523,Concrete,0,B78,B80
0.06052013721030196,Concrete,0,B78,C80
0.057216533838658414,Concrete,0,B78,D80
0.07268065383145154,Concrete,0,B78,B83
0.05392885829210897,Concrete,0,B78,C83
0.05204137763721138,Concrete,0,B78,D83
0.05258329982260215,Concrete,0,B78,B88
0.09933159436903775,Concrete,0,B78,C88
0.08018973213108888,Concrete,0,B78,D88
0.06499951002962823,Concrete,0,B78,B91
0.07086473667233914,Concrete,0,B78,C91
0.05470507874069849,Concrete,0,B78,D91
0.05868481720009944,Concrete,0,B78,B92
0.06439272103993876,Concrete,0,B78,C92
0.05655802497316641,Concrete,0,B78,D92
0.07283761223474446,Concrete,0,B78,B94
0.0626875517009713,Concrete,0,B78,C94
0.0803644833712923,Concrete,0,B78,D94
0.07567073406797994,Concrete,0,C78,D78
0.09715724518928423,Concrete,0,C78,B80
0.08049858758421691,Concrete,0,C78,C80
0.0666810578783847,Concrete,0,C78,D80
0.10934040733031634,Concrete,0,C78,B83
0.08129897592071805,Concrete,0,C78,C83
0.10017973104510511,Concrete,0,C78,D83
0.07950367701606427,Concrete,0,C78,B88
0.14331513792215772,Concrete,0,C78,C88
0.10103509420259492,Concrete,0,C78,D88
0.09367881793332992,Concrete,0,C78,B91
0.10907201871619629,Concrete,0,C78,C91
0.0814860261834669,Concrete,0,C78,D91
0.07782421203281296,Concrete,0,C78,B92
0.08837531017429238,Concrete,0,C78,C92
0.07560858650524807,Concrete,0,C78,D92
0.0909592124879206,Concrete,0,C78,B94
0.10241932271357163,Concrete,0,C78,C94
0.1011245148495236,Concrete,0,C78,D94
0.05326761516472011,Concrete,0,D78,B80
0.04479728854941946,Concrete,0,D78,C80
0.05277700007350469,Concrete,0,D78,D80
0.06604549373790754,Concrete,0,D78,B83
0.049688523792874764,Concrete,0,D78,C83
0.057612067856968756,Concrete,0,D78,D83
0.04893192118392212,Concrete,0,D78,B88
0.09277031770455915,Concrete,0,D78,C88
0.07354861172714887,Concrete,0,D78,D88
0.05860389660844295,Concrete,0,D78,B91
0.06879725458094818,Concrete,0,D78,C91
0.04848050012027374,Concrete,0,D78,D91
0.05065989044778784,Concrete,0,D78,B92
0.06047976122727508,Concrete,0,D78,C92
0.047807853161171164,Concrete,0,D78,D92
0.06342906374402914,Concrete,0,D78,B94
0.059901009262337906,Concrete,0,D78,C94
0.06999352260580789,Concrete,0,D78,D94
0.056509052294932374,Concrete,0,B80,C80
0.05841059388924296,Concrete,0,B80,D80
0.07509900586960179,Concrete,0,B80,B83
0.053665814260513395,Concrete,0,B80,C83
0.06401416332541245,Concrete,0,B80,D83
0.05434336676181771,Concrete,0,B80,B88
0.10196831728556392,Concrete,0,B80,C88
0.0714126011173712,Concrete,0,B80,D88
0.06684968388720314,Concrete,0,B80,B91
0.07895398807995745,Concrete,0,B80,C91
0.05209767447576934,Concrete,0,B80,D91
0.054800950934467296,Concrete,0,B80,B92
0.0681596135397155,Concrete,0,B80,C92
0.05500979819794425,Concrete,0,B80,D92
0.0772030879257835,Concrete,0,B80,B94
0.060230457898890796,Concrete,0,B80,C94
0.07503023963943241,Concrete,0,B80,D94
0.04924534689223449,Concrete,0,C80,D80
0.07298876267180851,Concrete,0,C80,B83
0.053490517807004,Concrete,0,C80,C83
0.061785954502766555,Concrete,0,C80,D83
0.04576226793721358,Concrete,0,C80,B88
0.09227102386880477,Concrete,0,C80,C88
0.07052699159822207,Concrete,0,C80,D88
0.062432623032232334,Concrete,0,C80,B91
0.06801737166046222,Concrete,0,C80,C91
0.05079671138420146,Concrete,0,C80,D91
0.05344285956827702,Concrete,0,C80,B92
0.0686473039642823,Concrete,0,C80,C92
0.05018057920542138,Concrete,0,C80,D92
0.06516810360954925,Concrete,0,C80,B94
0.061274539432674614,Concrete,0,C80,C94
0.0759722875039483,Concrete,0,C80,D94
0.09081306841315437,Concrete,0,D80,B83
0.053889226602550445,Concrete,0,D80,C83
0.060533055075899456,Concrete,0,D80,D83
0.051388768940634065,Concrete,0,D80,B88
0.10327759408438424,Concrete,0,D80,C88
0.06932532574739825,Concrete,0,D80,D88
0.06075953800207082,Concrete,0,D80,B91
0.07387555419039059,Concrete,0,D80,C91
0.05222023159968573,Concrete,0,D80,D91
0.0532869564341232,Concrete,0,D80,B92
0.06563578938746871,Concrete,0,D80,C92
0.050616603743993,Concrete,0,D80,D92
0.0602799206386438,Concrete,0,D80,B94
0.06314077967292334,Concrete,0,D80,C94
0.08170522191428084,Concrete,0,D80,D94
0.06754299897567342,Concrete,0,B83,C83
0.07793040149053679,Concrete,0,B83,D83
0.07117339058629446,Concrete,0,B83,B88
0.11290539531225126,Concrete,0,B83,C88
0.08429739814400064,Concrete,0,B83,D88
0.08747019379957263,Concrete,0,B83,B91
0.09500491285974766,Concrete,0,B83,C91
0.07382207643870348,Concrete,0,B83,D91
0.0727584630060797,Concrete,0,B83,B92
0.07797134434405947,Concrete,0,B83,C92
0.06765231379847497,Concrete,0,B83,D92
0.08489568209668116,Concrete,0,B83,B94
0.0824259150786988,Concrete,0,B83,C94
0.09819593500369606,Concrete,0,B83,D94
0.05682245245671676,Concrete,0,C83,D83
0.05132156071451941,Concrete,0,C83,B88
0.09450477323699143,Concrete,0,C83,C88
0.07512406326089731,Concrete,0,C83,D88
0.06412365214109059,Concrete,0,C83,B91
0.07856612377947493,Concrete,0,C83,C91
0.05336658940973935,Concrete,0,C83,D91
0.052791836801534264,Concrete,0,C83,B92
0.06097447163399807,Concrete,0,C83,C92
0.04899951052122915,Concrete,0,C83,D92
0.07241795792578377,Concrete,0,C83,B94
0.06375038517804493,Concrete,0,C83,C94
0.07134545857093455,Concrete,0,C83,D94
0.05711149421276371,Concrete,0,D83,B88
0.10441451801239515,Concrete,0,D83,C88
0.07380850323802862,Concrete,0,D83,D88
0.06905346718687541,Concrete,0,D83,B91
0.07604323819381185,Concrete,0,D83,C91
0.05707711581980522,Concrete,0,D83,D91
0.05617546927688393,Concrete,0,D83,B92
0.07298764549270474,Concrete,0,D83,C92
0.060020777719867496,Concrete,0,D83,D92
0.07533224208993275,Concrete,0,D83,B94
0.06799448468341081,Concrete,0,D83,C94
0.0909941075886392,Concrete,0,D83,D94
0.09392550870301737,Concrete,0,B88,C88
0.0701346361869598,Concrete,0,B88,D88
0.06330529280547252,Concrete,0,B88,B91
0.07257492846075671,Concrete,0,B88,C91
0.053467612501070454,Concrete,0,B88,D91
0.04723837943321209,Concrete,0,B88,B92
0.06598475028634136,Concrete,0,B88,C92
0.05290041862439292,Concrete,0,B88,D92
0.0650363379223497,Concrete,0,B88,B94
0.05860216961382296,Concrete,0,B88,C94
0.0724843240452369,Concrete,0,B88,D94
0.12008246858999393,Concrete,0,C88,D88
0.09706501101916425,Concrete,0,C88,B91
0.1551300373477528,Concrete,0,C88,C91
0.106859197832589,Concrete,0,C88,D91
0.09427025011477354,Concrete,0,C88,B92
0.10669668611919342,Concrete,0,C88,C92
0.09384151927942572,Concrete,0,C88,D92
0.08293530808862876,Concrete,0,C88,B94
0.11199187255976031,Concrete,0,C88,C94
0.11432404518530655,Concrete,0,C88,D94
0.080443435364761,Concrete,0,D88,B91
0.09764791178002483,Concrete,0,D88,C91
0.07388372965000548,Concrete,0,D88,D91
0.07421745777212946,Concrete,0,D88,B92
0.07862500951184884,Concrete,0,D88,C92
0.06636137272698087,Concrete,0,D88,D92
0.08475750005489974,Concrete,0,D88,B94
0.07016219112723042,Concrete,0,D88,C94
0.09375556426143758,Concrete,0,D88,D94
0.09553679253878099,Concrete,0,B91,C91
0.06904748772388165,Concrete,0,B91,D91
0.06721858263791726,Concrete,0,B91,B92
0.06337389225293787,Concrete,0,B91,C92
0.0591636422421387,Concrete,0,B91,D92
0.06393498351546796,Concrete,0,B91,B94
0.062286515488432115,Concrete,0,B91,C94
0.10112358260760401,Concrete,0,B91,D94
0.06856480704795748,Concrete,0,C91,D91
0.07295990609655059,Concrete,0,C91,B92
0.08954155376209672,Concrete,0,C91,C92
0.06935364950456545,Concrete,0,C91,D92
0.10341731835631982,Concrete,0,C91,B94
0.08541226767430543,Concrete,0,C91,C94
0.10275630553484325,Concrete,0,C91,D94
0.05211874055145635,Concrete,0,D91,B92
0.061302448083192074,Concrete,0,D91,C92
0.049955415189070734,Concrete,0,D91,D92
0.07000212107855326,Concrete,0,D91,B94
0.05990719772423452,Concrete,0,D91,C94
0.0682908990691327,Concrete,0,D91,D94
0.06538607722328635,Concrete,0,B92,C92
0.05026777364226442,Concrete,0,B92,D92
0.0705978940193033,Concrete,0,B92,B94
0.06475035824713846,Concrete,0,B92,C94
0.08126723651943171,Concrete,0,B92,D94
0.058719088946675796,Concrete,0,C92,D92
0.08559177157532767,Concrete,0,C92,B94
0.05215204442853064,Concrete,0,C92,C94
0.08435581633984152,Concrete,0,C92,D94
0.066983479364042,Concrete,0,D92,B94
0.0663215492628283,Concrete,0,D92,C94
0.07387405739579807,Concrete,0,D92,D94
0.07758969012964773,Concrete,0,B94,C94
0.10481898315643508,Concrete,0,B94,D94
0.08733894366731867,Concrete,0,C94,D94
