dissimilarity,condition,rdm_index,trialno_1,trialno_2
0.012625686983243307,Concrete,0,B3,C3
0.012457770268834807,Concrete,0,B3,D3
0.014483602894628179,Concrete,0,B3,B10
0.013245102096413011,Concrete,0,B3,C10
0.013406894626233706,Concrete,0,B3,D10
0.016091576650954748,Concrete,0,B3,B13
0.011117533864201843,Concrete,0,B3,C13
0.01772702499191478,Concrete,0,B3,D13
0.013895161382117415,Concrete,0,B3,B15
0.014904336425928963,Concrete,0,B3,C15
0.012517684594855914,Concrete,0,B3,D15
0.00974699244088062,Concrete,0,B3,B18
0.013224924307771332,Concrete,0,B3,C18
0.011735941259240518,Concrete,0,B3,D18
0.013798663832334197,Concrete,0,B3,B19
0.01113176226877332,Concrete,0,B3,C19
0.010462547683609947,Concrete,0,B3,D19
0.009751658352398822,Concrete,0,B3,B23
0.012265717254224396,Concrete,0,B3,C23
0.011156694580310383,Concrete,0,B3,D23
0.01247645533761247,Concrete,0,B3,B35
0.011782405510889948,Concrete,0,B3,C35
0.014191010275261361,Concrete,0,B3,D35
0.01085191697267839,Concrete,0,B3,B42
0.011646874715227878,Concrete,0,B3,C42
0.011200099087725292,Concrete,0,B3,D42
0.014056633605387355,Concrete,0,B3,B43
0.012962071387739811,Concrete,0,B3,C43
0.015436867206001653,Concrete,0,B3,D43
0.015884263866319585,Concrete,0,B3,B51
0.013153741356198378,Concrete,0,B3,C51
0.010444581470962135,Concrete,0,B3,D51
0.014014955294026311,Concrete,0,B3,B52
0.014555599223896787,Concrete,0,B3,C52
0.013375376224878778,Concrete,0,B3,D52
0.013318843992098829,Concrete,0,B3,B53
0.015068452852068195,Concrete,0,B3,C53
0.013131860070489327,Concrete,0,B3,D53
0.010545192761339587,Concrete,0,B3,B54
0.012645368952202835,Concrete,0,B3,C54
0.009387718536408308,Concrete,0,B3,D54
0.013417491362882535,Concrete,0,B3,B62
0.011910077556144285,Concrete,0,B3,C62
0.013563634778009735,Concrete,0,B3,D62
0.012128088443622741,Concrete,0,B3,B63
0.01150048172786905,Concrete,0,B3,C63
0.01226641715890318,Concrete,0,B3,D63
0.017082793254343216,Concrete,0,B3,B65
0.0133807316307153,Concrete,0,B3,C65
0.014229380214112766,Concrete,0,B3,D65
0.015204665345478863,Concrete,0,B3,B67
0.014252354203556203,Concrete,0,B3,C67
0.014242864832699053,Concrete,0,B3,D67
0.016069618450358085,Concrete,0,B3,B68
0.011801857422233674,Concrete,0,B3,C68
0.01401906637663708,Concrete,0,B3,D68
0.010454429489067671,Concrete,0,B3,B77
0.010895220624282172,Concrete,0,B3,C77
0.01224186170809973,Concrete,0,B3,D77
0.012331654614645762,Concrete,0,B3,B78
0.012701360347742868,Concrete,0,B3,C78
0.012261298241814374,Concrete,0,B3,D78
0.012045730780980169,Concrete,0,B3,B80
0.013919267520903951,Concrete,0,B3,C80
0.013075481085378792,Concrete,0,B3,D80
0.014408736135444064,Concrete,0,B3,B86
0.014832422146201008,Concrete,0,B3,C86
0.01170457144585505,Concrete,0,B3,D86
0.012890114329652008,Concrete,0,B3,B88
0.011055817545956824,Concrete,0,B3,C88
0.011625845022807155,Concrete,0,B3,D88
0.013521913536294285,Concrete,0,B3,B91
0.0109039211276105,Concrete,0,B3,C91
0.011197935349317257,Concrete,0,B3,D91
0.01600076905474554,Concrete,0,B3,B92
0.01431404547643873,Concrete,0,B3,C92
0.013599905612375009,Concrete,0,B3,D92
0.011527606711261991,Concrete,0,B3,B96
0.011991716612612254,Concrete,0,B3,C96
0.012981727421765073,Concrete,0,B3,D96
0.01108032897411226,Concrete,0,B3,B99
0.013396276299574149,Concrete,0,B3,C99
0.009169890716579972,Concrete,0,B3,D99
0.011780395281594672,Concrete,0,C3,D3
0.01497598841599546,Concrete,0,C3,B10
0.015386975537939924,Concrete,0,C3,C10
0.012960072569227741,Concrete,0,C3,D10
0.013234836641084477,Concrete,0,C3,B13
0.012691520442034325,Concrete,0,C3,C13
0.01646075481879037,Concrete,0,C3,D13
0.01551352616736938,Concrete,0,C3,B15
0.016155190734664458,Concrete,0,C3,C15
0.01375694312659565,Concrete,0,C3,D15
0.011538251291819486,Concrete,0,C3,B18
0.012313234363220727,Concrete,0,C3,C18
0.012421303270900469,Concrete,0,C3,D18
0.014645522266745373,Concrete,0,C3,B19
0.014505146350397364,Concrete,0,C3,C19
0.011212619289993434,Concrete,0,C3,D19
0.011556763389187496,Concrete,0,C3,B23
0.012285275400891485,Concrete,0,C3,C23
0.011175448220660786,Concrete,0,C3,D23
0.013783726818425001,Concrete,0,C3,B35
0.011323890479811458,Concrete,0,C3,C35
0.013123659824277262,Concrete,0,C3,D35
0.011211438115540822,Concrete,0,C3,B42
0.011580209699390092,Concrete,0,C3,C42
0.01255623838116363,Concrete,0,C3,D42
0.013173424666626474,Concrete,0,C3,B43
0.014048265413828068,Concrete,0,C3,C43
0.01744603391677198,Concrete,0,C3,D43
0.016948060823860446,Concrete,0,C3,B51
0.01422587199358824,Concrete,0,C3,C51
0.014229379264188565,Concrete,0,C3,D51
0.013731174114346007,Concrete,0,C3,B52
0.016343957975986475,Concrete,0,C3,C52
0.0143955923230157,Concrete,0,C3,D52
0.014186020020351374,Concrete,0,C3,B53
0.017392491208831306,Concrete,0,C3,C53
0.011931876111865707,Concrete,0,C3,D53
0.012863539852763905,Concrete,0,C3,B54
0.012663200314211377,Concrete,0,C3,C54
0.012155819265096892,Concrete,0,C3,D54
0.014477257979246292,Concrete,0,C3,B62
0.011934348476583511,Concrete,0,C3,C62
0.012315310845477663,Concrete,0,C3,D62
0.011584991094972458,Concrete,0,C3,B63
0.01225422783713179,Concrete,0,C3,C63
0.01252645109001829,Concrete,0,C3,D63
0.01530391807231838,Concrete,0,C3,B65
0.014992974248716142,Concrete,0,C3,C65
0.01531123401437642,Concrete,0,C3,D65
0.017676210137663934,Concrete,0,C3,B67
0.014493026642002346,Concrete,0,C3,C67
0.014122750892489941,Concrete,0,C3,D67
0.013363916510136254,Concrete,0,C3,B68
0.013374955390518164,Concrete,0,C3,C68
0.014366679727577915,Concrete,0,C3,D68
0.012764322746942393,Concrete,0,C3,B77
0.011641522098563116,Concrete,0,C3,C77
0.014906852050100462,Concrete,0,C3,D77
0.013496108394426297,Concrete,0,C3,B78
0.018364066162353383,Concrete,0,C3,C78
0.012072978535124415,Concrete,0,C3,D78
0.013593182075023406,Concrete,0,C3,B80
0.014237466148827089,Concrete,0,C3,C80
0.01430403397717323,Concrete,0,C3,D80
0.01410508729468757,Concrete,0,C3,B86
0.01705699207487469,Concrete,0,C3,C86
0.012842659688419718,Concrete,0,C3,D86
0.015013228288810848,Concrete,0,C3,B88
0.011996277372584463,Concrete,0,C3,C88
0.013616645401997935,Concrete,0,C3,D88
0.014474413956769303,Concrete,0,C3,B91
0.011905072853062727,Concrete,0,C3,C91
0.012141409088841457,Concrete,0,C3,D91
0.015151212020193513,Concrete,0,C3,B92
0.01445907400136517,Concrete,0,C3,C92
0.012656728232273819,Concrete,0,C3,D92
0.013044685907533876,Concrete,0,C3,B96
0.012165131491026309,Concrete,0,C3,C96
0.014112760101852608,Concrete,0,C3,D96
0.014224565850523285,Concrete,0,C3,B99
0.012066190648622839,Concrete,0,C3,C99
0.011850012881738425,Concrete,0,C3,D99
0.014134859839707688,Concrete,0,D3,B10
0.014054992005068203,Concrete,0,D3,C10
0.013840426298553424,Concrete,0,D3,D10
0.01517771845157481,Concrete,0,D3,B13
0.011980740740768882,Concrete,0,D3,C13
0.018086990411748986,Concrete,0,D3,D13
0.016301704362636057,Concrete,0,D3,B15
0.016781057131406613,Concrete,0,D3,C15
0.013369297773796694,Concrete,0,D3,D15
0.010794961526744196,Concrete,0,D3,B18
0.013450203089632132,Concrete,0,D3,C18
0.0108918986309244,Concrete,0,D3,D18
0.014349620469514558,Concrete,0,D3,B19
0.013502838807764048,Concrete,0,D3,C19
0.011052822450317619,Concrete,0,D3,D19
0.011578526150072637,Concrete,0,D3,B23
0.012783192605606349,Concrete,0,D3,C23
0.012200782503815533,Concrete,0,D3,D23
0.012827197319503226,Concrete,0,D3,B35
0.012124182551126909,Concrete,0,D3,C35
0.013804091743792907,Concrete,0,D3,D35
0.01161262476605385,Concrete,0,D3,B42
0.012567087736961465,Concrete,0,D3,C42
0.011316342989538193,Concrete,0,D3,D42
0.013000865967868853,Concrete,0,D3,B43
0.013619720907348821,Concrete,0,D3,C43
0.01530881049346809,Concrete,0,D3,D43
0.015874231996955146,Concrete,0,D3,B51
0.01348266900973615,Concrete,0,D3,C51
0.012131804386428083,Concrete,0,D3,D51
0.014601322835406955,Concrete,0,D3,B52
0.015087813442763456,Concrete,0,D3,C52
0.014329348936250982,Concrete,0,D3,D52
0.014542077590614213,Concrete,0,D3,B53
0.01798185210208931,Concrete,0,D3,C53
0.01415257850624674,Concrete,0,D3,D53
0.0120665104360133,Concrete,0,D3,B54
0.013937706264177594,Concrete,0,D3,C54
0.00999175836630187,Concrete,0,D3,D54
0.014105188334256667,Concrete,0,D3,B62
0.011447427628596163,Concrete,0,D3,C62
0.013290120407711027,Concrete,0,D3,D62
0.011090177366516614,Concrete,0,D3,B63
0.012510402434439847,Concrete,0,D3,C63
0.01281713244293991,Concrete,0,D3,D63
0.016913191096522326,Concrete,0,D3,B65
0.014138196152427382,Concrete,0,D3,C65
0.01606196692602003,Concrete,0,D3,D65
0.015697661009890895,Concrete,0,D3,B67
0.013958218725402614,Concrete,0,D3,C67
0.014247696218272201,Concrete,0,D3,D67
0.015997464068242602,Concrete,0,D3,B68
0.012932847078705241,Concrete,0,D3,C68
0.014755380197885056,Concrete,0,D3,D68
0.012139684297049428,Concrete,0,D3,B77
0.01086584746867658,Concrete,0,D3,C77
0.012938599582755879,Concrete,0,D3,D77
0.014547460131548055,Concrete,0,D3,B78
0.014449302266400442,Concrete,0,D3,C78
0.012513008686149588,Concrete,0,D3,D78
0.014034715486198418,Concrete,0,D3,B80
0.012890988930586645,Concrete,0,D3,C80
0.014386023489450629,Concrete,0,D3,D80
0.01478603041807293,Concrete,0,D3,B86
0.015360935420725636,Concrete,0,D3,C86
0.01232374615505848,Concrete,0,D3,D86
0.014392372043206213,Concrete,0,D3,B88
0.012540988628055619,Concrete,0,D3,C88
0.012509912129258118,Concrete,0,D3,D88
0.012369249050996251,Concrete,0,D3,B91
0.011168722595874153,Concrete,0,D3,C91
0.011578359136663679,Concrete,0,D3,D91
0.016950884898879772,Concrete,0,D3,B92
0.015446417001705319,Concrete,0,D3,C92
0.014633302666592692,Concrete,0,D3,D92
0.013565321357195159,Concrete,0,D3,B96
0.013271046492031533,Concrete,0,D3,C96
0.013195598434018713,Concrete,0,D3,D96
0.013655550602808634,Concrete,0,D3,B99
0.012448904394991984,Concrete,0,D3,C99
0.010059819850610031,Concrete,0,D3,D99
0.019723517109065825,Concrete,0,B10,C10
0.01604967231834015,Concrete,0,B10,D10
0.01596594395281354,Concrete,0,B10,B13
0.017084433611690545,Concrete,0,B10,C13
0.020903306819543842,Concrete,0,B10,D13
0.017108792757583625,Concrete,0,B10,B15
0.018000251989313387,Concrete,0,B10,C15
0.01771346043097979,Concrete,0,B10,D15
0.012765152855838655,Concrete,0,B10,B18
0.016424746271589404,Concrete,0,B10,C18
0.01273217829121397,Concrete,0,B10,D18
0.015820530699941535,Concrete,0,B10,B19
0.015369115573690454,Concrete,0,B10,C19
0.013935742896319658,Concrete,0,B10,D19
0.014385827426504726,Concrete,0,B10,B23
0.014568480447479508,Concrete,0,B10,C23
0.013401506772986668,Concrete,0,B10,D23
0.015413302381997533,Concrete,0,B10,B35
0.016139121579388904,Concrete,0,B10,C35
0.01917699782485626,Concrete,0,B10,D35
0.01442129139266008,Concrete,0,B10,B42
0.014434297982833931,Concrete,0,B10,C42
0.01391266235773315,Concrete,0,B10,D42
0.017498838050528178,Concrete,0,B10,B43
0.016253717601044475,Concrete,0,B10,C43
0.019463615444131187,Concrete,0,B10,D43
0.019121125899035335,Concrete,0,B10,B51
0.015237870947507878,Concrete,0,B10,C51
0.014322671823178165,Concrete,0,B10,D51
0.01676726961546794,Concrete,0,B10,B52
0.018082676357345794,Concrete,0,B10,C52
0.015353672974849129,Concrete,0,B10,D52
0.016433384723456696,Concrete,0,B10,B53
0.021593147012384798,Concrete,0,B10,C53
0.02015373558175914,Concrete,0,B10,D53
0.01453489903544184,Concrete,0,B10,B54
0.01638029601850679,Concrete,0,B10,C54
0.01319576984747665,Concrete,0,B10,D54
0.016916357836186755,Concrete,0,B10,B62
0.012699682161608414,Concrete,0,B10,C62
0.015407087454899585,Concrete,0,B10,D62
0.014215961708366628,Concrete,0,B10,B63
0.013952602498404524,Concrete,0,B10,C63
0.014863318292726772,Concrete,0,B10,D63
0.019728737170766748,Concrete,0,B10,B65
0.0174595831751939,Concrete,0,B10,C65
0.0180661573527404,Concrete,0,B10,D65
0.018894850889344995,Concrete,0,B10,B67
0.018399892415999163,Concrete,0,B10,C67
0.018714176432440367,Concrete,0,B10,D67
0.018251699372156,Concrete,0,B10,B68
0.016422927779758966,Concrete,0,B10,C68
0.018135673852338507,Concrete,0,B10,D68
0.01348207985756757,Concrete,0,B10,B77
0.014550606229328206,Concrete,0,B10,C77
0.017293928217765576,Concrete,0,B10,D77
0.016541253205269838,Concrete,0,B10,B78
0.018486086395446737,Concrete,0,B10,C78
0.015238901269382857,Concrete,0,B10,D78
0.016276004185556872,Concrete,0,B10,B80
0.016841199940040897,Concrete,0,B10,C80
0.017441641169619104,Concrete,0,B10,D80
0.01614717250102779,Concrete,0,B10,B86
0.016424906771924135,Concrete,0,B10,C86
0.015077426487373773,Concrete,0,B10,D86
0.016608968280422475,Concrete,0,B10,B88
0.015107443172903991,Concrete,0,B10,C88
0.01646693196759154,Concrete,0,B10,D88
0.0156831864170691,Concrete,0,B10,B91
0.01437209075862195,Concrete,0,B10,C91
0.013408289810731736,Concrete,0,B10,D91
0.018915124991338735,Concrete,0,B10,B92
0.018649768651544874,Concrete,0,B10,C92
0.015494557613524388,Concrete,0,B10,D92
0.016364109229676543,Concrete,0,B10,B96
0.014159605599541403,Concrete,0,B10,C96
0.01563754843747094,Concrete,0,B10,D96
0.015922581316067164,Concrete,0,B10,B99
0.01436025199028916,Concrete,0,B10,C99
0.011961934412894377,Concrete,0,B10,D99
0.01479264242429457,Concrete,0,C10,D10
0.01757188199381485,Concrete,0,C10,B13
0.014698693740510799,Concrete,0,C10,C13
0.018657251778803157,Concrete,0,C10,D13
0.018073230585178793,Concrete,0,C10,B15
0.020133307117998902,Concrete,0,C10,C15
0.016418512378983563,Concrete,0,C10,D15
0.012065306580594846,Concrete,0,C10,B18
0.015041559036658637,Concrete,0,C10,C18
0.013253325492581016,Concrete,0,C10,D18
0.015655690332760007,Concrete,0,C10,B19
0.0153875857077243,Concrete,0,C10,C19
0.015241997653574,Concrete,0,C10,D19
0.014595384751594814,Concrete,0,C10,B23
0.015976274565732227,Concrete,0,C10,C23
0.014705056730733112,Concrete,0,C10,D23
0.015445018115896254,Concrete,0,C10,B35
0.01563550082578245,Concrete,0,C10,C35
0.01643868235187268,Concrete,0,C10,D35
0.013950540853564918,Concrete,0,C10,B42
0.014288430121369027,Concrete,0,C10,C42
0.014595490586284149,Concrete,0,C10,D42
0.015432277139165495,Concrete,0,C10,B43
0.015816575506374594,Concrete,0,C10,C43
0.016751607080946296,Concrete,0,C10,D43
0.016559697310797906,Concrete,0,C10,B51
0.01594033019082685,Concrete,0,C10,C51
0.016316242760250455,Concrete,0,C10,D51
0.01655976818068335,Concrete,0,C10,B52
0.01615081763799383,Concrete,0,C10,C52
0.015514524707666849,Concrete,0,C10,D52
0.01788758888877177,Concrete,0,C10,B53
0.02205786681422973,Concrete,0,C10,C53
0.015825206394041093,Concrete,0,C10,D53
0.014739679357664001,Concrete,0,C10,B54
0.01548277699853455,Concrete,0,C10,C54
0.013857490111240241,Concrete,0,C10,D54
0.014560106435991805,Concrete,0,C10,B62
0.015869929497855227,Concrete,0,C10,C62
0.014611162460359765,Concrete,0,C10,D62
0.012193651831329616,Concrete,0,C10,B63
0.014895268919996707,Concrete,0,C10,C63
0.01493937483600743,Concrete,0,C10,D63
0.020209275800953934,Concrete,0,C10,B65
0.018085399154086086,Concrete,0,C10,C65
0.015904148469072187,Concrete,0,C10,D65
0.01625041705311763,Concrete,0,C10,B67
0.014118895779666728,Concrete,0,C10,C67
0.015001838909751928,Concrete,0,C10,D67
0.01737462856070169,Concrete,0,C10,B68
0.016076573750782624,Concrete,0,C10,C68
0.015195686553945261,Concrete,0,C10,D68
0.01582065229155718,Concrete,0,C10,B77
0.01364075089891923,Concrete,0,C10,C77
0.017836779972004446,Concrete,0,C10,D77
0.016081357338409003,Concrete,0,C10,B78
0.017231119116986267,Concrete,0,C10,C78
0.015912884748832536,Concrete,0,C10,D78
0.0183859368639268,Concrete,0,C10,B80
0.014031208779872078,Concrete,0,C10,C80
0.015014516875273404,Concrete,0,C10,D80
0.018075505159282308,Concrete,0,C10,B86
0.01723610421016615,Concrete,0,C10,C86
0.016008875884802765,Concrete,0,C10,D86
0.014449094306787836,Concrete,0,C10,B88
0.014039723093341542,Concrete,0,C10,C88
0.014771055239750199,Concrete,0,C10,D88
0.014866758803986106,Concrete,0,C10,B91
0.015992948343036738,Concrete,0,C10,C91
0.013633020841050359,Concrete,0,C10,D91
0.01730977047363216,Concrete,0,C10,B92
0.01668156966844494,Concrete,0,C10,C92
0.017962953451781116,Concrete,0,C10,D92
0.015287553794423578,Concrete,0,C10,B96
0.017861368763408967,Concrete,0,C10,C96
0.015921407297573607,Concrete,0,C10,D96
0.014863034305875383,Concrete,0,C10,B99
0.015757621295471435,Concrete,0,C10,C99
0.012586715147053921,Concrete,0,C10,D99
0.016474307638790323,Concrete,0,D10,B13
0.014552321750731229,Concrete,0,D10,C13
0.018384434951608745,Concrete,0,D10,D13
0.015826585562212208,Concrete,0,D10,B15
0.01797977432926369,Concrete,0,D10,C15
0.014253338073228886,Concrete,0,D10,D15
0.011306470028247365,Concrete,0,D10,B18
0.01287940850422168,Concrete,0,D10,C18
0.013178593403477162,Concrete,0,D10,D18
0.012895858806096106,Concrete,0,D10,B19
0.01415830500657255,Concrete,0,D10,C19
0.015164879412074353,Concrete,0,D10,D19
0.012784099793735468,Concrete,0,D10,B23
0.014343993038990508,Concrete,0,D10,C23
0.013685497657644015,Concrete,0,D10,D23
0.015110357289303567,Concrete,0,D10,B35
0.014152463410423255,Concrete,0,D10,C35
0.014837510977422802,Concrete,0,D10,D35
0.012098128746913336,Concrete,0,D10,B42
0.012546814465315716,Concrete,0,D10,C42
0.012976405328071637,Concrete,0,D10,D42
0.013546591616864175,Concrete,0,D10,B43
0.013990763186739766,Concrete,0,D10,C43
0.016029195740520648,Concrete,0,D10,D43
0.020256043198584962,Concrete,0,D10,B51
0.015266948930061707,Concrete,0,D10,C51
0.014741701951024557,Concrete,0,D10,D51
0.016398434772023,Concrete,0,D10,B52
0.014407745276256639,Concrete,0,D10,C52
0.013675341823835726,Concrete,0,D10,D52
0.014612746697439298,Concrete,0,D10,B53
0.02017805741177938,Concrete,0,D10,C53
0.015171781236455592,Concrete,0,D10,D53
0.01495302851071038,Concrete,0,D10,B54
0.013350412758677058,Concrete,0,D10,C54
0.012752848072704041,Concrete,0,D10,D54
0.013234183025744577,Concrete,0,D10,B62
0.013704910735245223,Concrete,0,D10,C62
0.011210048071898553,Concrete,0,D10,D62
0.011615142686429703,Concrete,0,D10,B63
0.013519160863997775,Concrete,0,D10,C63
0.013010806653520026,Concrete,0,D10,D63
0.016639384428550775,Concrete,0,D10,B65
0.018648082470982028,Concrete,0,D10,C65
0.014486390176770876,Concrete,0,D10,D65
0.016712446520198553,Concrete,0,D10,B67
0.016385803213053995,Concrete,0,D10,C67
0.015226959198480862,Concrete,0,D10,D67
0.016265896288687125,Concrete,0,D10,B68
0.01598002839860725,Concrete,0,D10,C68
0.014157736494590763,Concrete,0,D10,D68
0.013282626768117223,Concrete,0,D10,B77
0.011363848993751135,Concrete,0,D10,C77
0.01593158541844705,Concrete,0,D10,D77
0.01569154992319546,Concrete,0,D10,B78
0.017081524138880703,Concrete,0,D10,C78
0.01496859189208514,Concrete,0,D10,D78
0.01735627792207173,Concrete,0,D10,B80
0.01304829019531322,Concrete,0,D10,C80
0.015352467069112613,Concrete,0,D10,D80
0.015894248660156873,Concrete,0,D10,B86
0.018175910171553,Concrete,0,D10,C86
0.01600650892183127,Concrete,0,D10,D86
0.015318019143889965,Concrete,0,D10,B88
0.013191582077448777,Concrete,0,D10,C88
0.014209463461256703,Concrete,0,D10,D88
0.014109058568756846,Concrete,0,D10,B91
0.012983812335865383,Concrete,0,D10,C91
0.0118272304439068,Concrete,0,D10,D91
0.015430088117039891,Concrete,0,D10,B92
0.017699931553894602,Concrete,0,D10,C92
0.016178425046300453,Concrete,0,D10,D92
0.014893538281530271,Concrete,0,D10,B96
0.015826903380493522,Concrete,0,D10,C96
0.01621946278508559,Concrete,0,D10,D96
0.013639574355807007,Concrete,0,D10,B99
0.015421042988799698,Concrete,0,D10,C99
0.011371599676743172,Concrete,0,D10,D99
0.01514933790271935,Concrete,0,B13,C13
0.019238920152028525,Concrete,0,B13,D13
0.017653704271730367,Concrete,0,B13,B15
0.019303386195533047,Concrete,0,B13,C15
0.015061177125216721,Concrete,0,B13,D15
0.01391548510564718,Concrete,0,B13,B18
0.015246975845400038,Concrete,0,B13,C18
0.012609694746157278,Concrete,0,B13,D18
0.01791988995140716,Concrete,0,B13,B19
0.017772536778645254,Concrete,0,B13,C19
0.013548637526912004,Concrete,0,B13,D19
0.013927939026773934,Concrete,0,B13,B23
0.0143472959891552,Concrete,0,B13,C23
0.014206089539830383,Concrete,0,B13,D23
0.014870254580418922,Concrete,0,B13,B35
0.014849161989788981,Concrete,0,B13,C35
0.018293705094708727,Concrete,0,B13,D35
0.013710442191665654,Concrete,0,B13,B42
0.013759800361764739,Concrete,0,B13,C42
0.016104847263927382,Concrete,0,B13,D42
0.01550422535745875,Concrete,0,B13,B43
0.016050810305239856,Concrete,0,B13,C43
0.018596359480812372,Concrete,0,B13,D43
0.020616183746612175,Concrete,0,B13,B51
0.01566156508691888,Concrete,0,B13,C51
0.017643602310667743,Concrete,0,B13,D51
0.01688221263849512,Concrete,0,B13,B52
0.018637295837214397,Concrete,0,B13,C52
0.015376442743638937,Concrete,0,B13,D52
0.017987756517090267,Concrete,0,B13,B53
0.022882497293576512,Concrete,0,B13,C53
0.01600196808944144,Concrete,0,B13,D53
0.014300612730806243,Concrete,0,B13,B54
0.014510172294089704,Concrete,0,B13,C54
0.015072035299545239,Concrete,0,B13,D54
0.018295122071995195,Concrete,0,B13,B62
0.014253078370801748,Concrete,0,B13,C62
0.016463698498995514,Concrete,0,B13,D62
0.014656072465529224,Concrete,0,B13,B63
0.01290620577521707,Concrete,0,B13,C63
0.017199653272055453,Concrete,0,B13,D63
0.017775866122047755,Concrete,0,B13,B65
0.015281665096490966,Concrete,0,B13,C65
0.017669187574166315,Concrete,0,B13,D65
0.020529200436538532,Concrete,0,B13,B67
0.016591715804502638,Concrete,0,B13,C67
0.01688560608120817,Concrete,0,B13,D67
0.01600131913638413,Concrete,0,B13,B68
0.016232908387656036,Concrete,0,B13,C68
0.017697504286805717,Concrete,0,B13,D68
0.014221666645197575,Concrete,0,B13,B77
0.014148685801584642,Concrete,0,B13,C77
0.017888780791332916,Concrete,0,B13,D77
0.01564920236837142,Concrete,0,B13,B78
0.02052384248264729,Concrete,0,B13,C78
0.015011466111711693,Concrete,0,B13,D78
0.015446790397568137,Concrete,0,B13,B80
0.014847657206356904,Concrete,0,B13,C80
0.016803975070896933,Concrete,0,B13,D80
0.014172069913848038,Concrete,0,B13,B86
0.019242560792517533,Concrete,0,B13,C86
0.015915317812405454,Concrete,0,B13,D86
0.01698022311580374,Concrete,0,B13,B88
0.0157473653152197,Concrete,0,B13,C88
0.015311694509462839,Concrete,0,B13,D88
0.015129053505689395,Concrete,0,B13,B91
0.01502344728932102,Concrete,0,B13,C91
0.014649834776341587,Concrete,0,B13,D91
0.01860067373227291,Concrete,0,B13,B92
0.016160035281659123,Concrete,0,B13,C92
0.015583127410941543,Concrete,0,B13,D92
0.017804005653113464,Concrete,0,B13,B96
0.013628664054692628,Concrete,0,B13,C96
0.015267159920023528,Concrete,0,B13,D96
0.016019144423286443,Concrete,0,B13,B99
0.015340318948708789,Concrete,0,B13,C99
0.013477164743199916,Concrete,0,B13,D99
0.016422632104252693,Concrete,0,C13,D13
0.01514507546304102,Concrete,0,C13,B15
0.013782660751075424,Concrete,0,C13,C15
0.012758200553736356,Concrete,0,C13,D15
0.011440752836298536,Concrete,0,C13,B18
0.013453219605122935,Concrete,0,C13,C18
0.012778795004321651,Concrete,0,C13,D18
0.014763400994158902,Concrete,0,C13,B19
0.011736048145173228,Concrete,0,C13,C19
0.011213476099273112,Concrete,0,C13,D19
0.011343033392120146,Concrete,0,C13,B23
0.011946993404405961,Concrete,0,C13,C23
0.011951848326307144,Concrete,0,C13,D23
0.01338783038294561,Concrete,0,C13,B35
0.012319720063120328,Concrete,0,C13,C35
0.015367537245772906,Concrete,0,C13,D35
0.011034952794002984,Concrete,0,C13,B42
0.011890049639094694,Concrete,0,C13,C42
0.011194337581291848,Concrete,0,C13,D42
0.01459686032126186,Concrete,0,C13,B43
0.013732480812765433,Concrete,0,C13,C43
0.014934605088395038,Concrete,0,C13,D43
0.016037165603992463,Concrete,0,C13,B51
0.013623096328099089,Concrete,0,C13,C51
0.011167289459579972,Concrete,0,C13,D51
0.015496920542138706,Concrete,0,C13,B52
0.015081555179097771,Concrete,0,C13,C52
0.014277453705344504,Concrete,0,C13,D52
0.014330229662127858,Concrete,0,C13,B53
0.01616283023063462,Concrete,0,C13,C53
0.01201320607218558,Concrete,0,C13,D53
0.011620833238335647,Concrete,0,C13,B54
0.013180813912162552,Concrete,0,C13,C54
0.010531677118072678,Concrete,0,C13,D54
0.014815604240694861,Concrete,0,C13,B62
0.012923874229947509,Concrete,0,C13,C62
0.013740223494280257,Concrete,0,C13,D62
0.012267120464662069,Concrete,0,C13,B63
0.011399020619682908,Concrete,0,C13,C63
0.014406388333657918,Concrete,0,C13,D63
0.016611829458880647,Concrete,0,C13,B65
0.013065301077596137,Concrete,0,C13,C65
0.01404657379570233,Concrete,0,C13,D65
0.016081613602128807,Concrete,0,C13,B67
0.014238854072476456,Concrete,0,C13,C67
0.0149211583836388,Concrete,0,C13,D67
0.015198152183538522,Concrete,0,C13,B68
0.012326276609970585,Concrete,0,C13,C68
0.015486204814563118,Concrete,0,C13,D68
0.010390225347198846,Concrete,0,C13,B77
0.011079022927193363,Concrete,0,C13,C77
0.01260406353613233,Concrete,0,C13,D77
0.012969349640112607,Concrete,0,C13,B78
0.012813362602485244,Concrete,0,C13,C78
0.013193524828665789,Concrete,0,C13,D78
0.013036585483882932,Concrete,0,C13,B80
0.013999375945496419,Concrete,0,C13,C80
0.014557593906378875,Concrete,0,C13,D80
0.014586869250449943,Concrete,0,C13,B86
0.01661929310063328,Concrete,0,C13,C86
0.011056584509904887,Concrete,0,C13,D86
0.013849473353279112,Concrete,0,C13,B88
0.011866007296793647,Concrete,0,C13,C88
0.012572718588562843,Concrete,0,C13,D88
0.01308116801438585,Concrete,0,C13,B91
0.012102483318568249,Concrete,0,C13,C91
0.0113353062569552,Concrete,0,C13,D91
0.015720089567545517,Concrete,0,C13,B92
0.015371710417441297,Concrete,0,C13,C92
0.013899522654698253,Concrete,0,C13,D92
0.014194049053792622,Concrete,0,C13,B96
0.01181771430803915,Concrete,0,C13,C96
0.013616138612698144,Concrete,0,C13,D96
0.012299341893235711,Concrete,0,C13,B99
0.012188067842104593,Concrete,0,C13,C99
0.009890275514060673,Concrete,0,C13,D99
0.019923616804997227,Concrete,0,D13,B15
0.024137883970518016,Concrete,0,D13,C15
0.01877592989457305,Concrete,0,D13,D15
0.014852057829518808,Concrete,0,D13,B18
0.016200027198663095,Concrete,0,D13,C18
0.014918029885455174,Concrete,0,D13,D18
0.017950970528978323,Concrete,0,D13,B19
0.01723148544128368,Concrete,0,D13,C19
0.019454009519061583,Concrete,0,D13,D19
0.018074095470098698,Concrete,0,D13,B23
0.017213542686971665,Concrete,0,D13,C23
0.016947848526194104,Concrete,0,D13,D23
0.01749806618504316,Concrete,0,D13,B35
0.01740251904872189,Concrete,0,D13,C35
0.017153550625337154,Concrete,0,D13,D35
0.016254090813831282,Concrete,0,D13,B42
0.01624230147448198,Concrete,0,D13,C42
0.016997424852639102,Concrete,0,D13,D42
0.01913844105843793,Concrete,0,D13,B43
0.017337428600835383,Concrete,0,D13,C43
0.018835560010173898,Concrete,0,D13,D43
0.018386472151501073,Concrete,0,D13,B51
0.020393999574880535,Concrete,0,D13,C51
0.018381453588913944,Concrete,0,D13,D51
0.018627495076678345,Concrete,0,D13,B52
0.01965752913246386,Concrete,0,D13,C52
0.017717590971997686,Concrete,0,D13,D52
0.022040931367307684,Concrete,0,D13,B53
0.020549916106755713,Concrete,0,D13,C53
0.017933945350887517,Concrete,0,D13,D53
0.018369501698337433,Concrete,0,D13,B54
0.016803974484301525,Concrete,0,D13,C54
0.01608376686935314,Concrete,0,D13,D54
0.018018799777270954,Concrete,0,D13,B62
0.02090237078765294,Concrete,0,D13,C62
0.018813860354495806,Concrete,0,D13,D62
0.014959658435964814,Concrete,0,D13,B63
0.016940158905213856,Concrete,0,D13,C63
0.016760918375653,Concrete,0,D13,D63
0.019625989215055345,Concrete,0,D13,B65
0.02134809250198669,Concrete,0,D13,C65
0.018011912219794292,Concrete,0,D13,D65
0.02006237845210935,Concrete,0,D13,B67
0.017983784046431178,Concrete,0,D13,C67
0.018509657193349762,Concrete,0,D13,D67
0.017442681935149664,Concrete,0,D13,B68
0.015465371852462183,Concrete,0,D13,C68
0.01747105357094592,Concrete,0,D13,D68
0.01620807208846924,Concrete,0,D13,B77
0.01673298661482763,Concrete,0,D13,C77
0.01971684839865684,Concrete,0,D13,D77
0.017165779256997374,Concrete,0,D13,B78
0.020866676148030217,Concrete,0,D13,C78
0.016752667979728002,Concrete,0,D13,D78
0.019226165156941182,Concrete,0,D13,B80
0.01705094760285934,Concrete,0,D13,C80
0.016612126422751963,Concrete,0,D13,D80
0.017827834050192046,Concrete,0,D13,B86
0.020635564793430643,Concrete,0,D13,C86
0.017873010820475554,Concrete,0,D13,D86
0.018173603422767644,Concrete,0,D13,B88
0.016609044239379357,Concrete,0,D13,C88
0.01815878238330475,Concrete,0,D13,D88
0.01649755048210731,Concrete,0,D13,B91
0.016633063593450643,Concrete,0,D13,C91
0.01510458150554682,Concrete,0,D13,D91
0.01932017977551594,Concrete,0,D13,B92
0.019231800129837363,Concrete,0,D13,C92
0.017410565470200656,Concrete,0,D13,D92
0.01649517419503693,Concrete,0,D13,B96
0.01686232730075201,Concrete,0,D13,C96
0.018014724404983615,Concrete,0,D13,D96
0.016160301506611206,Concrete,0,D13,B99
0.016744581841448128,Concrete,0,D13,C99
0.01580498910899078,Concrete,0,D13,D99
0.01753314046039691,Concrete,0,B15,C15
0.01570805580614283,Concrete,0,B15,D15
0.012856549569892855,Concrete,0,B15,B18
0.015559711506635066,Concrete,0,B15,C18
0.01364954522595484,Concrete,0,B15,D18
0.016630653196283793,Concrete,0,B15,B19
0.01656956321883454,Concrete,0,B15,C19
0.014843453135857767,Concrete,0,B15,D19
0.013804353981338568,Concrete,0,B15,B23
0.016743377463074128,Concrete,0,B15,C23
0.014779231633819976,Concrete,0,B15,D23
0.015269212873791824,Concrete,0,B15,B35
0.016780400861543497,Concrete,0,B15,C35
0.016407236139224568,Concrete,0,B15,D35
0.013110262452264654,Concrete,0,B15,B42
0.01599132612633781,Concrete,0,B15,C42
0.015146778708589905,Concrete,0,B15,D42
0.015642314005714694,Concrete,0,B15,B43
0.016835928868901635,Concrete,0,B15,C43
0.020022207159297728,Concrete,0,B15,D43
0.020142146542108542,Concrete,0,B15,B51
0.017114307336833466,Concrete,0,B15,C51
0.014404066806626894,Concrete,0,B15,D51
0.016531464423223417,Concrete,0,B15,B52
0.018059797004120942,Concrete,0,B15,C52
0.016422157554721647,Concrete,0,B15,D52
0.0177444736526775,Concrete,0,B15,B53
0.019559593903873747,Concrete,0,B15,C53
0.01581065789934173,Concrete,0,B15,D53
0.014777890379756008,Concrete,0,B15,B54
0.014586583026365892,Concrete,0,B15,C54
0.01436657637077567,Concrete,0,B15,D54
0.01922168426458563,Concrete,0,B15,B62
0.016010055431033537,Concrete,0,B15,C62
0.016430187195361195,Concrete,0,B15,D62
0.01607525745026452,Concrete,0,B15,B63
0.015208985968457699,Concrete,0,B15,C63
0.015814415661347458,Concrete,0,B15,D63
0.018476976672200086,Concrete,0,B15,B65
0.016997193353962742,Concrete,0,B15,C65
0.01840993312249744,Concrete,0,B15,D65
0.018838321220780167,Concrete,0,B15,B67
0.0155935771991307,Concrete,0,B15,C67
0.017750653941138984,Concrete,0,B15,D67
0.016350833475792786,Concrete,0,B15,B68
0.016981376590548148,Concrete,0,B15,C68
0.017843431690690983,Concrete,0,B15,D68
0.013417011291077382,Concrete,0,B15,B77
0.014152587160266052,Concrete,0,B15,C77
0.015764168635963163,Concrete,0,B15,D77
0.015317151308614342,Concrete,0,B15,B78
0.01763548407740341,Concrete,0,B15,C78
0.016309703961917013,Concrete,0,B15,D78
0.016737855972370014,Concrete,0,B15,B80
0.016312861830417556,Concrete,0,B15,C80
0.01610734469023393,Concrete,0,B15,D80
0.017833611228364417,Concrete,0,B15,B86
0.020841599889645877,Concrete,0,B15,C86
0.015462523277933597,Concrete,0,B15,D86
0.016891164842939753,Concrete,0,B15,B88
0.015728685592359137,Concrete,0,B15,C88
0.017354904377384597,Concrete,0,B15,D88
0.016433147377745348,Concrete,0,B15,B91
0.014812953664330875,Concrete,0,B15,C91
0.015379547934225815,Concrete,0,B15,D91
0.01846224146740279,Concrete,0,B15,B92
0.018734682497364836,Concrete,0,B15,C92
0.01676203632643822,Concrete,0,B15,D92
0.016519391499396324,Concrete,0,B15,B96
0.01592679005104593,Concrete,0,B15,C96
0.016406743767516416,Concrete,0,B15,D96
0.015686933605238068,Concrete,0,B15,B99
0.015613325925383923,Concrete,0,B15,C99
0.013402948938235775,Concrete,0,B15,D99
0.016794245947141292,Concrete,0,C15,D15
0.01630235283065599,Concrete,0,C15,B18
0.02007722303036491,Concrete,0,C15,C18
0.01788097207173902,Concrete,0,C15,D18
0.019431111407407047,Concrete,0,C15,B19
0.01662514681971995,Concrete,0,C15,C19
0.014584256804165216,Concrete,0,C15,D19
0.016043269413995517,Concrete,0,C15,B23
0.015248383557779346,Concrete,0,C15,C23
0.015280562410502784,Concrete,0,C15,D23
0.017718828889889945,Concrete,0,C15,B35
0.014925670210624662,Concrete,0,C15,C35
0.018082428774186917,Concrete,0,C15,D35
0.014577799219263474,Concrete,0,C15,B42
0.01668254466389433,Concrete,0,C15,C42
0.015840813370541086,Concrete,0,C15,D42
0.019996277027568947,Concrete,0,C15,B43
0.01737822929142324,Concrete,0,C15,C43
0.01911377202844269,Concrete,0,C15,D43
0.021353689438470304,Concrete,0,C15,B51
0.01629475139638076,Concrete,0,C15,C51
0.01403079642042232,Concrete,0,C15,D51
0.020062169917715852,Concrete,0,C15,B52
0.01932678726228637,Concrete,0,C15,C52
0.019773907433145704,Concrete,0,C15,D52
0.01654322349925181,Concrete,0,C15,B53
0.020264449654958588,Concrete,0,C15,C53
0.01728415312312624,Concrete,0,C15,D53
0.01533058814350144,Concrete,0,C15,B54
0.018279099822425673,Concrete,0,C15,C54
0.015961712650596867,Concrete,0,C15,D54
0.020408383961526107,Concrete,0,C15,B62
0.015079592846303563,Concrete,0,C15,C62
0.01857302972421071,Concrete,0,C15,D62
0.017245273647095417,Concrete,0,C15,B63
0.015872280031798493,Concrete,0,C15,C63
0.01965609192244629,Concrete,0,C15,D63
0.02321649931458077,Concrete,0,C15,B65
0.0167050671391718,Concrete,0,C15,C65
0.02034593598445276,Concrete,0,C15,D65
0.021954898919830206,Concrete,0,C15,B67
0.022604372567358498,Concrete,0,C15,C67
0.021491831992764235,Concrete,0,C15,D67
0.022146109887825994,Concrete,0,C15,B68
0.018802571980869886,Concrete,0,C15,C68
0.021661713412401723,Concrete,0,C15,D68
0.014404287853738984,Concrete,0,C15,B77
0.01592294965817269,Concrete,0,C15,C77
0.016745845229293028,Concrete,0,C15,D77
0.015112529088276372,Concrete,0,C15,B78
0.01617500437584331,Concrete,0,C15,C78
0.015481944289166282,Concrete,0,C15,D78
0.015908075495254748,Concrete,0,C15,B80
0.019048193809319783,Concrete,0,C15,C80
0.01880621339569123,Concrete,0,C15,D80
0.018248534550921094,Concrete,0,C15,B86
0.019383982924279224,Concrete,0,C15,C86
0.014132675504744181,Concrete,0,C15,D86
0.0200126303669696,Concrete,0,C15,B88
0.015701530344774804,Concrete,0,C15,C88
0.015695821000823878,Concrete,0,C15,D88
0.01861242200741856,Concrete,0,C15,B91
0.016782357368985167,Concrete,0,C15,C91
0.014205308001067092,Concrete,0,C15,D91
0.017457746596646787,Concrete,0,C15,B92
0.021456720083371225,Concrete,0,C15,C92
0.016037552015183067,Concrete,0,C15,D92
0.020681992301417484,Concrete,0,C15,B96
0.01576854784774581,Concrete,0,C15,C96
0.017495140625169044,Concrete,0,C15,D96
0.016019938310642128,Concrete,0,C15,B99
0.01534110207198027,Concrete,0,C15,C99
0.014395039910878241,Concrete,0,C15,D99
0.012117497084785175,Concrete,0,D15,B18
0.01464011871424442,Concrete,0,D15,C18
0.012591715200725913,Concrete,0,D15,D18
0.016803625837720142,Concrete,0,D15,B19
0.01260383405469739,Concrete,0,D15,C19
0.012792427094488353,Concrete,0,D15,D19
0.012052580365657426,Concrete,0,D15,B23
0.01329486995383945,Concrete,0,D15,C23
0.014415210975398577,Concrete,0,D15,D23
0.014745833484895969,Concrete,0,D15,B35
0.013354603678228582,Concrete,0,D15,C35
0.01568244342213078,Concrete,0,D15,D35
0.012336123098517856,Concrete,0,D15,B42
0.01231398816344742,Concrete,0,D15,C42
0.012262309590149912,Concrete,0,D15,D42
0.014729143939986858,Concrete,0,D15,B43
0.015271029161104357,Concrete,0,D15,C43
0.015669016992222777,Concrete,0,D15,D43
0.01793007612254792,Concrete,0,D15,B51
0.013727226488872177,Concrete,0,D15,C51
0.01319645673825876,Concrete,0,D15,D51
0.01677085421942945,Concrete,0,D15,B52
0.015219199683886176,Concrete,0,D15,C52
0.013412486276458677,Concrete,0,D15,D52
0.016849855589451405,Concrete,0,D15,B53
0.01788326163936574,Concrete,0,D15,C53
0.013378180050814854,Concrete,0,D15,D53
0.01225562608131636,Concrete,0,D15,B54
0.013063487945961063,Concrete,0,D15,C54
0.011580428524125852,Concrete,0,D15,D54
0.013370520663341892,Concrete,0,D15,B62
0.014249608599994372,Concrete,0,D15,C62
0.013610876146440031,Concrete,0,D15,D62
0.012187557317664997,Concrete,0,D15,B63
0.011725579328729172,Concrete,0,D15,C63
0.013807589344205761,Concrete,0,D15,D63
0.01648544254595121,Concrete,0,D15,B65
0.014161182303604676,Concrete,0,D15,C65
0.013749764658040285,Concrete,0,D15,D65
0.0157475863381687,Concrete,0,D15,B67
0.015478290095305844,Concrete,0,D15,C67
0.015201092816594625,Concrete,0,D15,D67
0.01633597767565811,Concrete,0,D15,B68
0.013928676438111626,Concrete,0,D15,C68
0.016263831770222836,Concrete,0,D15,D68
0.011474113546754627,Concrete,0,D15,B77
0.011371681181688175,Concrete,0,D15,C77
0.013891140474781606,Concrete,0,D15,D77
0.014503215687308363,Concrete,0,D15,B78
0.014795653305153249,Concrete,0,D15,C78
0.014982939527927189,Concrete,0,D15,D78
0.01524587522746014,Concrete,0,D15,B80
0.012761138750762558,Concrete,0,D15,C80
0.014704612963407056,Concrete,0,D15,D80
0.014897244927194665,Concrete,0,D15,B86
0.018415208402446627,Concrete,0,D15,C86
0.013064859384635698,Concrete,0,D15,D86
0.015477974674337255,Concrete,0,D15,B88
0.013697436166310193,Concrete,0,D15,C88
0.01302926645280756,Concrete,0,D15,D88
0.013609333906334465,Concrete,0,D15,B91
0.013212882047474894,Concrete,0,D15,C91
0.012038143018026672,Concrete,0,D15,D91
0.016490671456216095,Concrete,0,D15,B92
0.015916865785448545,Concrete,0,D15,C92
0.014691002127909499,Concrete,0,D15,D92
0.013651018049602207,Concrete,0,D15,B96
0.014135308123477179,Concrete,0,D15,C96
0.015760120245373446,Concrete,0,D15,D96
0.012556785703555066,Concrete,0,D15,B99
0.014232991164058508,Concrete,0,D15,C99
0.010272005630138165,Concrete,0,D15,D99
0.01067569497351814,Concrete,0,B18,C18
0.009604529214120932,Concrete,0,B18,D18
0.01171487165377356,Concrete,0,B18,B19
0.012040931270317514,Concrete,0,B18,C19
0.011463311220004399,Concrete,0,B18,D19
0.010129308463007018,Concrete,0,B18,B23
0.01123673180100551,Concrete,0,B18,C23
0.010175054247787349,Concrete,0,B18,D23
0.011638257773308102,Concrete,0,B18,B35
0.011845514098201995,Concrete,0,B18,C35
0.012266865752060173,Concrete,0,B18,D35
0.01049315526575535,Concrete,0,B18,B42
0.010842906808220155,Concrete,0,B18,C42
0.011028338523574512,Concrete,0,B18,D42
0.012749999096016673,Concrete,0,B18,B43
0.013236652524346642,Concrete,0,B18,C43
0.013994859275222801,Concrete,0,B18,D43
0.014153818190655656,Concrete,0,B18,B51
0.011857545388032315,Concrete,0,B18,C51
0.010110936212628983,Concrete,0,B18,D51
0.012743010492259527,Concrete,0,B18,B52
0.012106093539758183,Concrete,0,B18,C52
0.011541714879658625,Concrete,0,B18,D52
0.013650996819926205,Concrete,0,B18,B53
0.016470150282879344,Concrete,0,B18,C53
0.014139642350791895,Concrete,0,B18,D53
0.010409749447322857,Concrete,0,B18,B54
0.010534017014852536,Concrete,0,B18,C54
0.009488785484972579,Concrete,0,B18,D54
0.01206695565864458,Concrete,0,B18,B62
0.011106975906380375,Concrete,0,B18,C62
0.010826344093249727,Concrete,0,B18,D62
0.00924359298006072,Concrete,0,B18,B63
0.01151433896281925,Concrete,0,B18,C63
0.010186465399529844,Concrete,0,B18,D63
0.01420359453453991,Concrete,0,B18,B65
0.014262595065000635,Concrete,0,B18,C65
0.01381737929258922,Concrete,0,B18,D65
0.013622000793210255,Concrete,0,B18,B67
0.01253647895571759,Concrete,0,B18,C67
0.012951919725166607,Concrete,0,B18,D67
0.012420834608017593,Concrete,0,B18,B68
0.011631552857256994,Concrete,0,B18,C68
0.013100062090682055,Concrete,0,B18,D68
0.011022290407609448,Concrete,0,B18,B77
0.009584059152581276,Concrete,0,B18,C77
0.013315958475762052,Concrete,0,B18,D77
0.011699764387506266,Concrete,0,B18,B78
0.012900938887264906,Concrete,0,B18,C78
0.011276208836047404,Concrete,0,B18,D78
0.013104718788950519,Concrete,0,B18,B80
0.01203422363958394,Concrete,0,B18,C80
0.012396131404375343,Concrete,0,B18,D80
0.013870808483227684,Concrete,0,B18,B86
0.013867922914736716,Concrete,0,B18,C86
0.011486517823878124,Concrete,0,B18,D86
0.011510138716815563,Concrete,0,B18,B88
0.011649582671830569,Concrete,0,B18,C88
0.012256857654679676,Concrete,0,B18,D88
0.010590756454393382,Concrete,0,B18,B91
0.00999080239586102,Concrete,0,B18,C91
0.010877425168974709,Concrete,0,B18,D91
0.013831194533661577,Concrete,0,B18,B92
0.012811759972293654,Concrete,0,B18,C92
0.013344876142208252,Concrete,0,B18,D92
0.010242198915795612,Concrete,0,B18,B96
0.012850594750219007,Concrete,0,B18,C96
0.0124275657223181,Concrete,0,B18,D96
0.012020723205092296,Concrete,0,B18,B99
0.012420431359666098,Concrete,0,B18,C99
0.007751725924506321,Concrete,0,B18,D99
0.012694267183426453,Concrete,0,C18,D18
0.013195666583421216,Concrete,0,C18,B19
0.01495665543085893,Concrete,0,C18,C19
0.0139055050790791,Concrete,0,C18,D19
0.011292790225316408,Concrete,0,C18,B23
0.013894085909170503,Concrete,0,C18,C23
0.012794729905133183,Concrete,0,C18,D23
0.013396449809728343,Concrete,0,C18,B35
0.015143913423753437,Concrete,0,C18,C35
0.014563527214942536,Concrete,0,C18,D35
0.011579635849517714,Concrete,0,C18,B42
0.011942394175849629,Concrete,0,C18,C42
0.012699614471249643,Concrete,0,C18,D42
0.013360259097524224,Concrete,0,C18,B43
0.01513657210601174,Concrete,0,C18,C43
0.01645741448871442,Concrete,0,C18,D43
0.01701261753958179,Concrete,0,C18,B51
0.014931848157217455,Concrete,0,C18,C51
0.014693248157488055,Concrete,0,C18,D51
0.014585875371441043,Concrete,0,C18,B52
0.01634981541645851,Concrete,0,C18,C52
0.013218195680837796,Concrete,0,C18,D52
0.016567229920960817,Concrete,0,C18,B53
0.018330016285351056,Concrete,0,C18,C53
0.014390327300013715,Concrete,0,C18,D53
0.013882589371328542,Concrete,0,C18,B54
0.012674268832383494,Concrete,0,C18,C54
0.01172804535543913,Concrete,0,C18,D54
0.014331171168108732,Concrete,0,C18,B62
0.013460982169233695,Concrete,0,C18,C62
0.011728190248904806,Concrete,0,C18,D62
0.011991484718183698,Concrete,0,C18,B63
0.013827933187832146,Concrete,0,C18,C63
0.013296539175043148,Concrete,0,C18,D63
0.015036483749210836,Concrete,0,C18,B65
0.015682228268895232,Concrete,0,C18,C65
0.014532112099407555,Concrete,0,C18,D65
0.01711260540722588,Concrete,0,C18,B67
0.013032870694197195,Concrete,0,C18,C67
0.014817512423553133,Concrete,0,C18,D67
0.013067707634038212,Concrete,0,C18,B68
0.013932378205699895,Concrete,0,C18,C68
0.01327656318266339,Concrete,0,C18,D68
0.014121831197991706,Concrete,0,C18,B77
0.012352737861064823,Concrete,0,C18,C77
0.015278334245761365,Concrete,0,C18,D77
0.015361290252807386,Concrete,0,C18,B78
0.015861800435761814,Concrete,0,C18,C78
0.014541830689228274,Concrete,0,C18,D78
0.017048058283989375,Concrete,0,C18,B80
0.013055047799969011,Concrete,0,C18,C80
0.015603077977413518,Concrete,0,C18,D80
0.016240447092064347,Concrete,0,C18,B86
0.018780508728888617,Concrete,0,C18,C86
0.014624624089782627,Concrete,0,C18,D86
0.014088765789394612,Concrete,0,C18,B88
0.012526086824191447,Concrete,0,C18,C88
0.015546680729925572,Concrete,0,C18,D88
0.013700644602726483,Concrete,0,C18,B91
0.011880590951967734,Concrete,0,C18,C91
0.013610296622510096,Concrete,0,C18,D91
0.016402064036393237,Concrete,0,C18,B92
0.015422499407292444,Concrete,0,C18,C92
0.014769712454993884,Concrete,0,C18,D92
0.014143768915252833,Concrete,0,C18,B96
0.013698100033359377,Concrete,0,C18,C96
0.015661302892102723,Concrete,0,C18,D96
0.014148950407209095,Concrete,0,C18,B99
0.014898577237979254,Concrete,0,C18,C99
0.01143706931391648,Concrete,0,C18,D99
0.012599048371040348,Concrete,0,D18,B19
0.01190161768406199,Concrete,0,D18,C19
0.012446316158985197,Concrete,0,D18,D19
0.011198408840052371,Concrete,0,D18,B23
0.011968370826488179,Concrete,0,D18,C23
0.011294244222111388,Concrete,0,D18,D23
0.013788084783684951,Concrete,0,D18,B35
0.012930238491781246,Concrete,0,D18,C35
0.013239748845487778,Concrete,0,D18,D35
0.011327144814213033,Concrete,0,D18,B42
0.01078604805808013,Concrete,0,D18,C42
0.011496148657317568,Concrete,0,D18,D42
0.012380741319356896,Concrete,0,D18,B43
0.012088358278918781,Concrete,0,D18,C43
0.01387944677659168,Concrete,0,D18,D43
0.016565787656126405,Concrete,0,D18,B51
0.012250691105049807,Concrete,0,D18,C51
0.014599761467714294,Concrete,0,D18,D51
0.012906383874677851,Concrete,0,D18,B52
0.014186752572858025,Concrete,0,D18,C52
0.011392423503064648,Concrete,0,D18,D52
0.01489613070833128,Concrete,0,D18,B53
0.018970936176811753,Concrete,0,D18,C53
0.013797954683229769,Concrete,0,D18,D53
0.011113972704878246,Concrete,0,D18,B54
0.01180891202096607,Concrete,0,D18,C54
0.010270635215046368,Concrete,0,D18,D54
0.01361043457564234,Concrete,0,D18,B62
0.012214828723425174,Concrete,0,D18,C62
0.011481595552473866,Concrete,0,D18,D62
0.009955264045631093,Concrete,0,D18,B63
0.01101642994601887,Concrete,0,D18,C63
0.010779663325243048,Concrete,0,D18,D63
0.014349450589874059,Concrete,0,D18,B65
0.014315113366609771,Concrete,0,D18,C65
0.014453027399667941,Concrete,0,D18,D65
0.01535243187152491,Concrete,0,D18,B67
0.011035845790056214,Concrete,0,D18,C67
0.011742616023734833,Concrete,0,D18,D67
0.013147210679279174,Concrete,0,D18,B68
0.013636818806280376,Concrete,0,D18,C68
0.01315500089588784,Concrete,0,D18,D68
0.010167548884051778,Concrete,0,D18,B77
0.011190137435366522,Concrete,0,D18,C77
0.013186001883439984,Concrete,0,D18,D77
0.012712714333311743,Concrete,0,D18,B78
0.015842501989836624,Concrete,0,D18,C78
0.012128396469773197,Concrete,0,D18,D78
0.013907354583088992,Concrete,0,D18,B80
0.01096066704321851,Concrete,0,D18,C80
0.011285632099116802,Concrete,0,D18,D80
0.013476001840153568,Concrete,0,D18,B86
0.015929121706076285,Concrete,0,D18,C86
0.012676952536297853,Concrete,0,D18,D86
0.01330144644648764,Concrete,0,D18,B88
0.012276206577788076,Concrete,0,D18,C88
0.013468168320182505,Concrete,0,D18,D88
0.010859239795805737,Concrete,0,D18,B91
0.011922993558771711,Concrete,0,D18,C91
0.011324582255906419,Concrete,0,D18,D91
0.014455762270245203,Concrete,0,D18,B92
0.012777142995022554,Concrete,0,D18,C92
0.011943084755629189,Concrete,0,D18,D92
0.011767154815826072,Concrete,0,D18,B96
0.012867245447946726,Concrete,0,D18,C96
0.013143278598832017,Concrete,0,D18,D96
0.01241461576050296,Concrete,0,D18,B99
0.012062889203545153,Concrete,0,D18,C99
0.009063135038745597,Concrete,0,D18,D99
0.014847527228646601,Concrete,0,B19,C19
0.015106549577203358,Concrete,0,B19,D19
0.014298979774541436,Concrete,0,B19,B23
0.015405053498801242,Concrete,0,B19,C23
0.01478014157632104,Concrete,0,B19,D23
0.013521928421164077,Concrete,0,B19,B35
0.014764760952727626,Concrete,0,B19,C35
0.015849121788245723,Concrete,0,B19,D35
0.01276878755576502,Concrete,0,B19,B42
0.013859497447127665,Concrete,0,B19,C42
0.01296102522896693,Concrete,0,B19,D42
0.015106476119402775,Concrete,0,B19,B43
0.015399638484097184,Concrete,0,B19,C43
0.018299605636064198,Concrete,0,B19,D43
0.020960925894046776,Concrete,0,B19,B51
0.015024506139700394,Concrete,0,B19,C51
0.014929373703815361,Concrete,0,B19,D51
0.017351861928147406,Concrete,0,B19,B52
0.016874027424318677,Concrete,0,B19,C52
0.014843102372032745,Concrete,0,B19,D52
0.016826335805000925,Concrete,0,B19,B53
0.020549836092045574,Concrete,0,B19,C53
0.016390403463556188,Concrete,0,B19,D53
0.014875607871464209,Concrete,0,B19,B54
0.013799308911336851,Concrete,0,B19,C54
0.012602903319416589,Concrete,0,B19,D54
0.014659176176926414,Concrete,0,B19,B62
0.014841141480221212,Concrete,0,B19,C62
0.012529677041589487,Concrete,0,B19,D62
0.01255542609555884,Concrete,0,B19,B63
0.015566359106688006,Concrete,0,B19,C63
0.012303111699356512,Concrete,0,B19,D63
0.016207172183479574,Concrete,0,B19,B65
0.01752940162033681,Concrete,0,B19,C65
0.01525434550893438,Concrete,0,B19,D65
0.01586097572731764,Concrete,0,B19,B67
0.014586103543202751,Concrete,0,B19,C67
0.015109024805351598,Concrete,0,B19,D67
0.015930563501345793,Concrete,0,B19,B68
0.014902896494527154,Concrete,0,B19,C68
0.015143388744600849,Concrete,0,B19,D68
0.01400168559776687,Concrete,0,B19,B77
0.013240217324535451,Concrete,0,B19,C77
0.016624378676865656,Concrete,0,B19,D77
0.016543575835115714,Concrete,0,B19,B78
0.01845550959029024,Concrete,0,B19,C78
0.015709216600112708,Concrete,0,B19,D78
0.017596455761844054,Concrete,0,B19,B80
0.014850596489776512,Concrete,0,B19,C80
0.01527005315613357,Concrete,0,B19,D80
0.016815342007097913,Concrete,0,B19,B86
0.016928226382243505,Concrete,0,B19,C86
0.015325440015006162,Concrete,0,B19,D86
0.015102343708655982,Concrete,0,B19,B88
0.013319053019871458,Concrete,0,B19,C88
0.014588090932169664,Concrete,0,B19,D88
0.013727832920396277,Concrete,0,B19,B91
0.012720861304043023,Concrete,0,B19,C91
0.014200926633555455,Concrete,0,B19,D91
0.016991901763703587,Concrete,0,B19,B92
0.017394690558845197,Concrete,0,B19,C92
0.01687501692614966,Concrete,0,B19,D92
0.013235051519562792,Concrete,0,B19,B96
0.015302155352138129,Concrete,0,B19,C96
0.015607689098106316,Concrete,0,B19,D96
0.013873241799148318,Concrete,0,B19,B99
0.015751188938431644,Concrete,0,B19,C99
0.011898954387209174,Concrete,0,B19,D99
0.012046846112008786,Concrete,0,C19,D19
0.012126017970794335,Concrete,0,C19,B23
0.013271918043415272,Concrete,0,C19,C23
0.0137516398398783,Concrete,0,C19,D23
0.01404274760638836,Concrete,0,C19,B35
0.012885053274277511,Concrete,0,C19,C35
0.014650515659630433,Concrete,0,C19,D35
0.01213238275305479,Concrete,0,C19,B42
0.013157970612789026,Concrete,0,C19,C42
0.011212389607679608,Concrete,0,C19,D42
0.014734047381438851,Concrete,0,C19,B43
0.01363135420067419,Concrete,0,C19,C43
0.015091863330395723,Concrete,0,C19,D43
0.016230948139546803,Concrete,0,C19,B51
0.01361075951730784,Concrete,0,C19,C51
0.012977377442036654,Concrete,0,C19,D51
0.014679737656134942,Concrete,0,C19,B52
0.015384265002369732,Concrete,0,C19,C52
0.014510482108167223,Concrete,0,C19,D52
0.01469859377463913,Concrete,0,C19,B53
0.019039780863448045,Concrete,0,C19,C53
0.014036452054359693,Concrete,0,C19,D53
0.011001327603181971,Concrete,0,C19,B54
0.01536543443644682,Concrete,0,C19,C54
0.011785809300647753,Concrete,0,C19,D54
0.014130590273941673,Concrete,0,C19,B62
0.014009399314799487,Concrete,0,C19,C62
0.014117913270802564,Concrete,0,C19,D62
0.013112537996834636,Concrete,0,C19,B63
0.013031475716785913,Concrete,0,C19,C63
0.01302639000513078,Concrete,0,C19,D63
0.018370875306395293,Concrete,0,C19,B65
0.015201140279060228,Concrete,0,C19,C65
0.014488243515318217,Concrete,0,C19,D65
0.017183673523459723,Concrete,0,C19,B67
0.014010546137337458,Concrete,0,C19,C67
0.014103913673754704,Concrete,0,C19,D67
0.017167826284730042,Concrete,0,C19,B68
0.013831921180482569,Concrete,0,C19,C68
0.0148509656932349,Concrete,0,C19,D68
0.011916937019740356,Concrete,0,C19,B77
0.01163537468962699,Concrete,0,C19,C77
0.01266363509348121,Concrete,0,C19,D77
0.015620006909530556,Concrete,0,C19,B78
0.014410671104742838,Concrete,0,C19,C78
0.014274099264725917,Concrete,0,C19,D78
0.014633436571672653,Concrete,0,C19,B80
0.013600568156873273,Concrete,0,C19,C80
0.01450588996348733,Concrete,0,C19,D80
0.015780032002387173,Concrete,0,C19,B86
0.016997985194210957,Concrete,0,C19,C86
0.011590070136886234,Concrete,0,C19,D86
0.013916711280758593,Concrete,0,C19,B88
0.012857731134286298,Concrete,0,C19,C88
0.012846785593694447,Concrete,0,C19,D88
0.014742626721753813,Concrete,0,C19,B91
0.012786823284439355,Concrete,0,C19,C91
0.012193755365022001,Concrete,0,C19,D91
0.016041094690363505,Concrete,0,C19,B92
0.01589900811068063,Concrete,0,C19,C92
0.013770337556094045,Concrete,0,C19,D92
0.013024721464686131,Concrete,0,C19,B96
0.014421521201810983,Concrete,0,C19,C96
0.014768940464675964,Concrete,0,C19,D96
0.01100703281971658,Concrete,0,C19,B99
0.01191809381484931,Concrete,0,C19,C99
0.01087157399831921,Concrete,0,C19,D99
0.010889239834855954,Concrete,0,D19,B23
0.010863860166024208,Concrete,0,D19,C23
0.010864009730667352,Concrete,0,D19,D23
0.0119267849436538,Concrete,0,D19,B35
0.012530979172081342,Concrete,0,D19,C35
0.014332318484266726,Concrete,0,D19,D35
0.011391745410316654,Concrete,0,D19,B42
0.013064124982517814,Concrete,0,D19,C42
0.010999433978041071,Concrete,0,D19,D42
0.014878203668641482,Concrete,0,D19,B43
0.015474990814178743,Concrete,0,D19,C43
0.017114304485548255,Concrete,0,D19,D43
0.016275586320785605,Concrete,0,D19,B51
0.013499627306151157,Concrete,0,D19,C51
0.011403538539189212,Concrete,0,D19,D51
0.014864387282102586,Concrete,0,D19,B52
0.015615415434259095,Concrete,0,D19,C52
0.01523002292950167,Concrete,0,D19,D52
0.01259125991108371,Concrete,0,D19,B53
0.016497865800814724,Concrete,0,D19,C53
0.013882694948566114,Concrete,0,D19,D53
0.012138566799547968,Concrete,0,D19,B54
0.01467437419391641,Concrete,0,D19,C54
0.011468739900370452,Concrete,0,D19,D54
0.016540039888723736,Concrete,0,D19,B62
0.010931559900288827,Concrete,0,D19,C62
0.01452461306206717,Concrete,0,D19,D62
0.014272072152006815,Concrete,0,D19,B63
0.012540144137084718,Concrete,0,D19,C63
0.014711931167314415,Concrete,0,D19,D63
0.017521853091868798,Concrete,0,D19,B65
0.011885271501463637,Concrete,0,D19,C65
0.015703872945344238,Concrete,0,D19,D65
0.016125255336360115,Concrete,0,D19,B67
0.015339805502685287,Concrete,0,D19,C67
0.015866627767604738,Concrete,0,D19,D67
0.016482791883545154,Concrete,0,D19,B68
0.012382437873870904,Concrete,0,D19,C68
0.016684809908385348,Concrete,0,D19,D68
0.012501050778023333,Concrete,0,D19,B77
0.011780329759134343,Concrete,0,D19,C77
0.013254792630561686,Concrete,0,D19,D77
0.013171127297860567,Concrete,0,D19,B78
0.014029128954318923,Concrete,0,D19,C78
0.011738129996038479,Concrete,0,D19,D78
0.013196250188410159,Concrete,0,D19,B80
0.014725713870892472,Concrete,0,D19,C80
0.015320399533138114,Concrete,0,D19,D80
0.013984738957849515,Concrete,0,D19,B86
0.0147767739650154,Concrete,0,D19,C86
0.011749710916530636,Concrete,0,D19,D86
0.013511803381170903,Concrete,0,D19,B88
0.012585312878000705,Concrete,0,D19,C88
0.012034115384082406,Concrete,0,D19,D88
0.014624101203236182,Concrete,0,D19,B91
0.011689857046833755,Concrete,0,D19,C91
0.012722406248948255,Concrete,0,D19,D91
0.016692595591526985,Concrete,0,D19,B92
0.016287099302380995,Concrete,0,D19,C92
0.015206772654816531,Concrete,0,D19,D92
0.013866095207078521,Concrete,0,D19,B96
0.010956855525342738,Concrete,0,D19,C96
0.013244744914748016,Concrete,0,D19,D96
0.01273064070602722,Concrete,0,D19,B99
0.010947466490128933,Concrete,0,D19,C99
0.01014850815315116,Concrete,0,D19,D99
0.011944200354833198,Concrete,0,B23,C23
0.010699349314647496,Concrete,0,B23,D23
0.012077632697594707,Concrete,0,B23,B35
0.012095332622586037,Concrete,0,B23,C35
0.013099882242421281,Concrete,0,B23,D35
0.009659348399428114,Concrete,0,B23,B42
0.011608918167074326,Concrete,0,B23,C42
0.010927090770325307,Concrete,0,B23,D42
0.011302418485781085,Concrete,0,B23,B43
0.014244703495481048,Concrete,0,B23,C43
0.016141027308764096,Concrete,0,B23,D43
0.016051952809039604,Concrete,0,B23,B51
0.012333467094247262,Concrete,0,B23,C51
0.011512853042098236,Concrete,0,B23,D51
0.01356126130069253,Concrete,0,B23,B52
0.01363262793441988,Concrete,0,B23,C52
0.011833588522681545,Concrete,0,B23,D52
0.013381834994433654,Concrete,0,B23,B53
0.01637611972081776,Concrete,0,B23,C53
0.011689714909160306,Concrete,0,B23,D53
0.011312633141432786,Concrete,0,B23,B54
0.01249480634774443,Concrete,0,B23,C54
0.010058140443735238,Concrete,0,B23,D54
0.013464082014549768,Concrete,0,B23,B62
0.009712663433190683,Concrete,0,B23,C62
0.012100398327040443,Concrete,0,B23,D62
0.01136425190033478,Concrete,0,B23,B63
0.011329599793855824,Concrete,0,B23,C63
0.012465198293108335,Concrete,0,B23,D63
0.015721789294050974,Concrete,0,B23,B65
0.011505716064566619,Concrete,0,B23,C65
0.013359185476629487,Concrete,0,B23,D65
0.015356428028483003,Concrete,0,B23,B67
0.013489308791714881,Concrete,0,B23,C67
0.013075742522923522,Concrete,0,B23,D67
0.013418416348304651,Concrete,0,B23,B68
0.012708077888903173,Concrete,0,B23,C68
0.014387410810744038,Concrete,0,B23,D68
0.012098124489928613,Concrete,0,B23,B77
0.00956970055990711,Concrete,0,B23,C77
0.011370081423372735,Concrete,0,B23,D77
0.0140075901758642,Concrete,0,B23,B78
0.01511268283800457,Concrete,0,B23,C78
0.012167241157669345,Concrete,0,B23,D78
0.013993388028001784,Concrete,0,B23,B80
0.012412799617571831,Concrete,0,B23,C80
0.014109356890553577,Concrete,0,B23,D80
0.014147248514099377,Concrete,0,B23,B86
0.014760322425859585,Concrete,0,B23,C86
0.011314835096913192,Concrete,0,B23,D86
0.013088456012853692,Concrete,0,B23,B88
0.011267348124807034,Concrete,0,B23,C88
0.012188743769803223,Concrete,0,B23,D88
0.013004898233094966,Concrete,0,B23,B91
0.010716543974719786,Concrete,0,B23,C91
0.011297483411413838,Concrete,0,B23,D91
0.015362939330905207,Concrete,0,B23,B92
0.014734497592800287,Concrete,0,B23,C92
0.012876506757116627,Concrete,0,B23,D92
0.012588215123187169,Concrete,0,B23,B96
0.011245366381081801,Concrete,0,B23,C96
0.013426921020025311,Concrete,0,B23,D96
0.01214207028288842,Concrete,0,B23,B99
0.012279962525237467,Concrete,0,B23,C99
0.00917626758666063,Concrete,0,B23,D99
0.011280993069318353,Concrete,0,C23,D23
0.013532557018187917,Concrete,0,C23,B35
0.012764918764025935,Concrete,0,C23,C35
0.014554809191088557,Concrete,0,C23,D35
0.010727831444697706,Concrete,0,C23,B42
0.012923611123018429,Concrete,0,C23,C42
0.011685841149062941,Concrete,0,C23,D42
0.015492335201218968,Concrete,0,C23,B43
0.015082224620326611,Concrete,0,C23,C43
0.01568793078527823,Concrete,0,C23,D43
0.01697216575569496,Concrete,0,C23,B51
0.014488049593044812,Concrete,0,C23,C51
0.012592204915300245,Concrete,0,C23,D51
0.016402596203283572,Concrete,0,C23,B52
0.015553107754636744,Concrete,0,C23,C52
0.015187492022226199,Concrete,0,C23,D52
0.013886829074561964,Concrete,0,C23,B53
0.017002444267845748,Concrete,0,C23,C53
0.014109890551639772,Concrete,0,C23,D53
0.013095104263633302,Concrete,0,C23,B54
0.014140417003339678,Concrete,0,C23,C54
0.010619563526324921,Concrete,0,C23,D54
0.015135164315657007,Concrete,0,C23,B62
0.011652505079556584,Concrete,0,C23,C62
0.01434924860360056,Concrete,0,C23,D62
0.011511751419123771,Concrete,0,C23,B63
0.012363098194717459,Concrete,0,C23,C63
0.013496556487582155,Concrete,0,C23,D63
0.01682239843830649,Concrete,0,C23,B65
0.014608657837909498,Concrete,0,C23,C65
0.016447502364932982,Concrete,0,C23,D65
0.0173530925406891,Concrete,0,C23,B67
0.01609099092876669,Concrete,0,C23,C67
0.015278329812738191,Concrete,0,C23,D67
0.015660529349606024,Concrete,0,C23,B68
0.012971633112639974,Concrete,0,C23,C68
0.014615865545450458,Concrete,0,C23,D68
0.01307900092415641,Concrete,0,C23,B77
0.012024874664319625,Concrete,0,C23,C77
0.013839696614197459,Concrete,0,C23,D77
0.014046033457098806,Concrete,0,C23,B78
0.01579272004179693,Concrete,0,C23,C78
0.011952387306916333,Concrete,0,C23,D78
0.01457740499242696,Concrete,0,C23,B80
0.013834013224163352,Concrete,0,C23,C80
0.014930373019722455,Concrete,0,C23,D80
0.014080335015358353,Concrete,0,C23,B86
0.015616821629019909,Concrete,0,C23,C86
0.011945438388555208,Concrete,0,C23,D86
0.014832430470124369,Concrete,0,C23,B88
0.0131334536979097,Concrete,0,C23,C88
0.012992236412622487,Concrete,0,C23,D88
0.013322208167656915,Concrete,0,C23,B91
0.01269653815668551,Concrete,0,C23,C91
0.012863149015019521,Concrete,0,C23,D91
0.015378211249646664,Concrete,0,C23,B92
0.01612197562894827,Concrete,0,C23,C92
0.013541430806275323,Concrete,0,C23,D92
0.014417849816048935,Concrete,0,C23,B96
0.01276040309370776,Concrete,0,C23,C96
0.013989551572219093,Concrete,0,C23,D96
0.014043808766894893,Concrete,0,C23,B99
0.010769688035454531,Concrete,0,C23,C99
0.01017113645119738,Concrete,0,C23,D99
0.012984074867143546,Concrete,0,D23,B35
0.014597934268714101,Concrete,0,D23,C35
0.014971330782984937,Concrete,0,D23,D35
0.012321507864687766,Concrete,0,D23,B42
0.012076856817854751,Concrete,0,D23,C42
0.011028683622272332,Concrete,0,D23,D42
0.015092391303996247,Concrete,0,D23,B43
0.014962334104899761,Concrete,0,D23,C43
0.017140737376702256,Concrete,0,D23,D43
0.016650060490560545,Concrete,0,D23,B51
0.01382142507441385,Concrete,0,D23,C51
0.012705982298836172,Concrete,0,D23,D51
0.014079803390652925,Concrete,0,D23,B52
0.01604235242638755,Concrete,0,D23,C52
0.014373701332741377,Concrete,0,D23,D52
0.012041968541398558,Concrete,0,D23,B53
0.014611150416088804,Concrete,0,D23,C53
0.016116122872019415,Concrete,0,D23,D53
0.012178051246348439,Concrete,0,D23,B54
0.01295130064624478,Concrete,0,D23,C54
0.010454649636437852,Concrete,0,D23,D54
0.015888421516536844,Concrete,0,D23,B62
0.010982018549453992,Concrete,0,D23,C62
0.013721462258584697,Concrete,0,D23,D62
0.011975932333271343,Concrete,0,D23,B63
0.012494126477439645,Concrete,0,D23,C63
0.013309895769138817,Concrete,0,D23,D63
0.016210242321551466,Concrete,0,D23,B65
0.014957075888813526,Concrete,0,D23,C65
0.015166087557306957,Concrete,0,D23,D65
0.01613944905465025,Concrete,0,D23,B67
0.014861275217443135,Concrete,0,D23,C67
0.014575564981503452,Concrete,0,D23,D67
0.014009500007580415,Concrete,0,D23,B68
0.011931145173407614,Concrete,0,D23,C68
0.01487732590565849,Concrete,0,D23,D68
0.011215533102353176,Concrete,0,D23,B77
0.011930136350792094,Concrete,0,D23,C77
0.014859047066922617,Concrete,0,D23,D77
0.012448660457590419,Concrete,0,D23,B78
0.01567534496652871,Concrete,0,D23,C78
0.012390324984661952,Concrete,0,D23,D78
0.01362888341533552,Concrete,0,D23,B80
0.013176595065067565,Concrete,0,D23,C80
0.015518024170185656,Concrete,0,D23,D80
0.014367466260964514,Concrete,0,D23,B86
0.012692952782931114,Concrete,0,D23,C86
0.013580460083293923,Concrete,0,D23,D86
0.013820807670313375,Concrete,0,D23,B88
0.013382034578859628,Concrete,0,D23,C88
0.012479979063097967,Concrete,0,D23,D88
0.011934959181827036,Concrete,0,D23,B91
0.011877723620807292,Concrete,0,D23,C91
0.011199910547987536,Concrete,0,D23,D91
0.014290245306423142,Concrete,0,D23,B92
0.01591343605665496,Concrete,0,D23,C92
0.01457148170316193,Concrete,0,D23,D92
0.014784688050649222,Concrete,0,D23,B96
0.01176426672859606,Concrete,0,D23,C96
0.013330616899996884,Concrete,0,D23,D96
0.012812299604421321,Concrete,0,D23,B99
0.012481234623535465,Concrete,0,D23,C99
0.01057968021638103,Concrete,0,D23,D99
0.013842622492041339,Concrete,0,B35,C35
0.013617129240049479,Concrete,0,B35,D35
0.011535389085745192,Concrete,0,B35,B42
0.012863932557415874,Concrete,0,B35,C42
0.012319103034256977,Concrete,0,B35,D42
0.013701734978832997,Concrete,0,B35,B43
0.01637804323666079,Concrete,0,B35,C43
0.019436092955252792,Concrete,0,B35,D43
0.016622403972552456,Concrete,0,B35,B51
0.013850150996043179,Concrete,0,B35,C51
0.013567035965336269,Concrete,0,B35,D51
0.014775888273081997,Concrete,0,B35,B52
0.016451061884137846,Concrete,0,B35,C52
0.015917307326771497,Concrete,0,B35,D52
0.014802143869522173,Concrete,0,B35,B53
0.018773104295396137,Concrete,0,B35,C53
0.01557936158390075,Concrete,0,B35,D53
0.014333180280966666,Concrete,0,B35,B54
0.014063231247779622,Concrete,0,B35,C54
0.011839783789259218,Concrete,0,B35,D54
0.0166412313631386,Concrete,0,B35,B62
0.012596503547793294,Concrete,0,B35,C62
0.014564581024672075,Concrete,0,B35,D62
0.012964722059057713,Concrete,0,B35,B63
0.013201687815437018,Concrete,0,B35,C63
0.013623060458644554,Concrete,0,B35,D63
0.01747727775071141,Concrete,0,B35,B65
0.01441285013327022,Concrete,0,B35,C65
0.015296489895062274,Concrete,0,B35,D65
0.018860117119317864,Concrete,0,B35,B67
0.014855433379491275,Concrete,0,B35,C67
0.01598357698008422,Concrete,0,B35,D67
0.016041012061443028,Concrete,0,B35,B68
0.013972217071456126,Concrete,0,B35,C68
0.015112765069596558,Concrete,0,B35,D68
0.013293274102970706,Concrete,0,B35,B77
0.012632904316853188,Concrete,0,B35,C77
0.014197716028729036,Concrete,0,B35,D77
0.014621538476163615,Concrete,0,B35,B78
0.014997540055222006,Concrete,0,B35,C78
0.014738820861033496,Concrete,0,B35,D78
0.015304042219807449,Concrete,0,B35,B80
0.014425414280060054,Concrete,0,B35,C80
0.01650871584808088,Concrete,0,B35,D80
0.013873259616204588,Concrete,0,B35,B86
0.01720170968158455,Concrete,0,B35,C86
0.013404534574465055,Concrete,0,B35,D86
0.01412670279530396,Concrete,0,B35,B88
0.013328259810236944,Concrete,0,B35,C88
0.013292689413956638,Concrete,0,B35,D88
0.014160786186050888,Concrete,0,B35,B91
0.01214843733807788,Concrete,0,B35,C91
0.01334405320950629,Concrete,0,B35,D91
0.017910827520031817,Concrete,0,B35,B92
0.01575505742294884,Concrete,0,B35,C92
0.017278387626742858,Concrete,0,B35,D92
0.01430033854100853,Concrete,0,B35,B96
0.013158023545231367,Concrete,0,B35,C96
0.014641206655194418,Concrete,0,B35,D96
0.013946082924701318,Concrete,0,B35,B99
0.013466228366610017,Concrete,0,B35,C99
0.011039417893989961,Concrete,0,B35,D99
0.01461908046658527,Concrete,0,C35,D35
0.011696440869832474,Concrete,0,C35,B42
0.012353036067649297,Concrete,0,C35,C42
0.013858665978431883,Concrete,0,C35,D42
0.01380513710212458,Concrete,0,C35,B43
0.012769934590090811,Concrete,0,C35,C43
0.015543512016222031,Concrete,0,C35,D43
0.01682367632851464,Concrete,0,C35,B51
0.014411302392146054,Concrete,0,C35,C51
0.013384497737478986,Concrete,0,C35,D51
0.015514949321482509,Concrete,0,C35,B52
0.015628490420324794,Concrete,0,C35,C52
0.01557633100511746,Concrete,0,C35,D52
0.015700101850759967,Concrete,0,C35,B53
0.018272227267025293,Concrete,0,C35,C53
0.01281046852388503,Concrete,0,C35,D53
0.013048265301681518,Concrete,0,C35,B54
0.01515592699810738,Concrete,0,C35,C54
0.012304218939624786,Concrete,0,C35,D54
0.014828366955768982,Concrete,0,C35,B62
0.013152320586387333,Concrete,0,C35,C62
0.01488595061008231,Concrete,0,C35,D62
0.011972447779718197,Concrete,0,C35,B63
0.012559857774375445,Concrete,0,C35,C63
0.013403790101923945,Concrete,0,C35,D63
0.01919194709514074,Concrete,0,C35,B65
0.01466112226942813,Concrete,0,C35,C65
0.016253095982574607,Concrete,0,C35,D65
0.01813652494567784,Concrete,0,C35,B67
0.017226832714606156,Concrete,0,C35,C67
0.01594285483779026,Concrete,0,C35,D67
0.017595221576190548,Concrete,0,C35,B68
0.01350056500689349,Concrete,0,C35,C68
0.015017612157714473,Concrete,0,C35,D68
0.01327296006323444,Concrete,0,C35,B77
0.011297159480395974,Concrete,0,C35,C77
0.013276236201050258,Concrete,0,C35,D77
0.014555903768488932,Concrete,0,C35,B78
0.015007974368119242,Concrete,0,C35,C78
0.014074980610023689,Concrete,0,C35,D78
0.013201657082329206,Concrete,0,C35,B80
0.014793962397999271,Concrete,0,C35,C80
0.014203435481296638,Concrete,0,C35,D80
0.014533085444068011,Concrete,0,C35,B86
0.017448850165903546,Concrete,0,C35,C86
0.011737144858805263,Concrete,0,C35,D86
0.014878149069328852,Concrete,0,C35,B88
0.012292087082675667,Concrete,0,C35,C88
0.012616141164763884,Concrete,0,C35,D88
0.014366840474376896,Concrete,0,C35,B91
0.012235529778997526,Concrete,0,C35,C91
0.011157049659131469,Concrete,0,C35,D91
0.017689551658721155,Concrete,0,C35,B92
0.016203850982977254,Concrete,0,C35,C92
0.013660721457500882,Concrete,0,C35,D92
0.012985686009450537,Concrete,0,C35,B96
0.012687003295257654,Concrete,0,C35,C96
0.013426551295934806,Concrete,0,C35,D96
0.014069426466288447,Concrete,0,C35,B99
0.012642338522714977,Concrete,0,C35,C99
0.010952507889134157,Concrete,0,C35,D99
0.01171785765182032,Concrete,0,D35,B42
0.01563093363318029,Concrete,0,D35,C42
0.014352803831947645,Concrete,0,D35,D42
0.015373886155825477,Concrete,0,D35,B43
0.017828312177328623,Concrete,0,D35,C43
0.017744896960836264,Concrete,0,D35,D43
0.017757576922415263,Concrete,0,D35,B51
0.016106659261508893,Concrete,0,D35,C51
0.0152412539822762,Concrete,0,D35,D51
0.015521387220091902,Concrete,0,D35,B52
0.017048106174906676,Concrete,0,D35,C52
0.01741769553957699,Concrete,0,D35,D52
0.017175738088323587,Concrete,0,D35,B53
0.01781382933343579,Concrete,0,D35,C53
0.015018483188384918,Concrete,0,D35,D53
0.0145252897250792,Concrete,0,D35,B54
0.015201891660651688,Concrete,0,D35,C54
0.01253493245561799,Concrete,0,D35,D54
0.016171322555795238,Concrete,0,D35,B62
0.015165252130731869,Concrete,0,D35,C62
0.015407787570741089,Concrete,0,D35,D62
0.014025231295505517,Concrete,0,D35,B63
0.01566308180280791,Concrete,0,D35,C63
0.013557332696017627,Concrete,0,D35,D63
0.01618727860795802,Concrete,0,D35,B65
0.017263806114601606,Concrete,0,D35,C65
0.018182658197791256,Concrete,0,D35,D65
0.01797444317807967,Concrete,0,D35,B67
0.015656360222663153,Concrete,0,D35,C67
0.014712219883225028,Concrete,0,D35,D67
0.016670737711675793,Concrete,0,D35,B68
0.015659331809102766,Concrete,0,D35,C68
0.016470721041347548,Concrete,0,D35,D68
0.015198699516175685,Concrete,0,D35,B77
0.013656808424612622,Concrete,0,D35,C77
0.01377187014190529,Concrete,0,D35,D77
0.015251362808610537,Concrete,0,D35,B78
0.01715286319996861,Concrete,0,D35,C78
0.01504326211833503,Concrete,0,D35,D78
0.015607629213910396,Concrete,0,D35,B80
0.014782716366238454,Concrete,0,D35,C80
0.016120454099017568,Concrete,0,D35,D80
0.016021796366614074,Concrete,0,D35,B86
0.020665658607913816,Concrete,0,D35,C86
0.014863908115536197,Concrete,0,D35,D86
0.0172602040000168,Concrete,0,D35,B88
0.014257017924964041,Concrete,0,D35,C88
0.01565614818634103,Concrete,0,D35,D88
0.015488837542965983,Concrete,0,D35,B91
0.012683127984568294,Concrete,0,D35,C91
0.015056887114942425,Concrete,0,D35,D91
0.016713463574048463,Concrete,0,D35,B92
0.017621607985338496,Concrete,0,D35,C92
0.016681485290037625,Concrete,0,D35,D92
0.014671710541853367,Concrete,0,D35,B96
0.015453388994267665,Concrete,0,D35,C96
0.01638954519880966,Concrete,0,D35,D96
0.014058181299105152,Concrete,0,D35,B99
0.01521780945689954,Concrete,0,D35,C99
0.013061539571597208,Concrete,0,D35,D99
0.011943538278304541,Concrete,0,B42,C42
0.011093087534863176,Concrete,0,B42,D42
0.01127493770476651,Concrete,0,B42,B43
0.013619442620986659,Concrete,0,B42,C43
0.01620398427065356,Concrete,0,B42,D43
0.01531568104440721,Concrete,0,B42,B51
0.01287067123415685,Concrete,0,B42,C51
0.010792029891770222,Concrete,0,B42,D51
0.013464100940162206,Concrete,0,B42,B52
0.014136668443836254,Concrete,0,B42,C52
0.012139148328853308,Concrete,0,B42,D52
0.014314336722986954,Concrete,0,B42,B53
0.01773816165186624,Concrete,0,B42,C53
0.010545352773858456,Concrete,0,B42,D53
0.011854316582719793,Concrete,0,B42,B54
0.012704351787775833,Concrete,0,B42,C54
0.010488651022127416,Concrete,0,B42,D54
0.013458363914356534,Concrete,0,B42,B62
0.01115622000949373,Concrete,0,B42,C62
0.010846196166787234,Concrete,0,B42,D62
0.010584097798515782,Concrete,0,B42,B63
0.011321282078665102,Concrete,0,B42,C63
0.010255997395647753,Concrete,0,B42,D63
0.015524248629626787,Concrete,0,B42,B65
0.012527071861746147,Concrete,0,B42,C65
0.014309916190825075,Concrete,0,B42,D65
0.014401896603587032,Concrete,0,B42,B67
0.012968585899376875,Concrete,0,B42,C67
0.012495733588575973,Concrete,0,B42,D67
0.014042125842219155,Concrete,0,B42,B68
0.013973391283043398,Concrete,0,B42,C68
0.013399584245179444,Concrete,0,B42,D68
0.012500048691068454,Concrete,0,B42,B77
0.009752975475214736,Concrete,0,B42,C77
0.01205118648343391,Concrete,0,B42,D77
0.014013163810193808,Concrete,0,B42,B78
0.013577772907185554,Concrete,0,B42,C78
0.012425897567618116,Concrete,0,B42,D78
0.014059797182259878,Concrete,0,B42,B80
0.01153514469596145,Concrete,0,B42,C80
0.013424204184059652,Concrete,0,B42,D80
0.01175914026012771,Concrete,0,B42,B86
0.01691368147088342,Concrete,0,B42,C86
0.010843874511120906,Concrete,0,B42,D86
0.013287754855608161,Concrete,0,B42,B88
0.010806812807718535,Concrete,0,B42,C88
0.0113870741562332,Concrete,0,B42,D88
0.013445604743047498,Concrete,0,B42,B91
0.010656220547339335,Concrete,0,B42,C91
0.011772981455856077,Concrete,0,B42,D91
0.015193824080861954,Concrete,0,B42,B92
0.014332439901032296,Concrete,0,B42,C92
0.012672455609699408,Concrete,0,B42,D92
0.013012811746202481,Concrete,0,B42,B96
0.01239515599456356,Concrete,0,B42,C96
0.013869887815588322,Concrete,0,B42,D96
0.011616789406626731,Concrete,0,B42,B99
0.010370707908926186,Concrete,0,B42,C99
0.009836140942829332,Concrete,0,B42,D99
0.012212964172038461,Concrete,0,C42,D42
0.013132455436218667,Concrete,0,C42,B43
0.013596068504690124,Concrete,0,C42,C43
0.015105000442780223,Concrete,0,C42,D43
0.016501764235631024,Concrete,0,C42,B51
0.0126797821810427,Concrete,0,C42,C51
0.014108703575138302,Concrete,0,C42,D51
0.014558118033251173,Concrete,0,C42,B52
0.014606548781296429,Concrete,0,C42,C52
0.01215124777421812,Concrete,0,C42,D52
0.015454284472952445,Concrete,0,C42,B53
0.01974437977228542,Concrete,0,C42,C53
0.012571604235660738,Concrete,0,C42,D53
0.012767201174511971,Concrete,0,C42,B54
0.01281459629038382,Concrete,0,C42,C54
0.010897559746326006,Concrete,0,C42,D54
0.013698376626214046,Concrete,0,C42,B62
0.012296585669050094,Concrete,0,C42,C62
0.011890135014510372,Concrete,0,C42,D62
0.010859770279602757,Concrete,0,C42,B63
0.011365983983870263,Concrete,0,C42,C63
0.013072218221021416,Concrete,0,C42,D63
0.015545745532586181,Concrete,0,C42,B65
0.015233619875340979,Concrete,0,C42,C65
0.013636021121006713,Concrete,0,C42,D65
0.015145497034537169,Concrete,0,C42,B67
0.013189305191067074,Concrete,0,C42,C67
0.012811672061565516,Concrete,0,C42,D67
0.014472352360540845,Concrete,0,C42,B68
0.014247240747961683,Concrete,0,C42,C68
0.01276111251984279,Concrete,0,C42,D68
0.011842664256766671,Concrete,0,C42,B77
0.011566602679852881,Concrete,0,C42,C77
0.014600814497029801,Concrete,0,C42,D77
0.01436916616050686,Concrete,0,C42,B78
0.01517355591225189,Concrete,0,C42,C78
0.01347954982502398,Concrete,0,C42,D78
0.013940630698646407,Concrete,0,C42,B80
0.012958703953750348,Concrete,0,C42,C80
0.013097416193467517,Concrete,0,C42,D80
0.013187576488351636,Concrete,0,C42,B86
0.0171671427310459,Concrete,0,C42,C86
0.012124007370198723,Concrete,0,C42,D86
0.013195735878854,Concrete,0,C42,B88
0.013213181537436922,Concrete,0,C42,C88
0.013131417868598354,Concrete,0,C42,D88
0.011417115512915792,Concrete,0,C42,B91
0.011736928806542094,Concrete,0,C42,C91
0.011215191887849132,Concrete,0,C42,D91
0.015462569732973566,Concrete,0,C42,B92
0.013746615572738461,Concrete,0,C42,C92
0.012668320784148972,Concrete,0,C42,D92
0.012682253332601683,Concrete,0,C42,B96
0.013613962744515862,Concrete,0,C42,C96
0.013287146822573424,Concrete,0,C42,D96
0.013324607373388956,Concrete,0,C42,B99
0.013686732201976066,Concrete,0,C42,C99
0.009870292819174961,Concrete,0,C42,D99
0.013265685929100936,Concrete,0,D42,B43
0.014137579279374814,Concrete,0,D42,C43
0.015401517497064865,Concrete,0,D42,D43
0.016884561927453537,Concrete,0,D42,B51
0.01214232642216653,Concrete,0,D42,C51
0.01207783316271169,Concrete,0,D42,D51
0.014892608816279657,Concrete,0,D42,B52
0.01442704218553255,Concrete,0,D42,C52
0.013395995260012552,Concrete,0,D42,D52
0.0128711319533441,Concrete,0,D42,B53
0.016154018010303507,Concrete,0,D42,C53
0.013833335939316264,Concrete,0,D42,D53
0.01174491575664488,Concrete,0,D42,B54
0.012035862616555003,Concrete,0,D42,C54
0.009224019814036238,Concrete,0,D42,D54
0.014302923344893876,Concrete,0,D42,B62
0.011062763106492802,Concrete,0,D42,C62
0.010787831548252483,Concrete,0,D42,D62
0.011262466137151452,Concrete,0,D42,B63
0.011606029234461168,Concrete,0,D42,C63
0.011643838792615092,Concrete,0,D42,D63
0.01607108802275506,Concrete,0,D42,B65
0.013698609670889088,Concrete,0,D42,C65
0.012667318370909788,Concrete,0,D42,D65
0.01499450460302141,Concrete,0,D42,B67
0.013178255798964417,Concrete,0,D42,C67
0.012570487084921558,Concrete,0,D42,D67
0.015372096248294196,Concrete,0,D42,B68
0.01158789501776874,Concrete,0,D42,C68
0.014894505309425786,Concrete,0,D42,D68
0.011344524729780862,Concrete,0,D42,B77
0.009898695959017524,Concrete,0,D42,C77
0.013195073306420465,Concrete,0,D42,D77
0.01478360317905122,Concrete,0,D42,B78
0.014608074986385243,Concrete,0,D42,C78
0.012772510767045301,Concrete,0,D42,D78
0.013752157858474815,Concrete,0,D42,B80
0.012006993582587763,Concrete,0,D42,C80
0.015277982932372688,Concrete,0,D42,D80
0.013221396779231268,Concrete,0,D42,B86
0.013712590707040643,Concrete,0,D42,C86
0.0126008223677064,Concrete,0,D42,D86
0.012932682558501682,Concrete,0,D42,B88
0.012178554195411542,Concrete,0,D42,C88
0.011013467911340676,Concrete,0,D42,D88
0.012558510955966287,Concrete,0,D42,B91
0.011172852508098002,Concrete,0,D42,C91
0.01195987222076054,Concrete,0,D42,D91
0.01418148933558132,Concrete,0,D42,B92
0.015422836225081858,Concrete,0,D42,C92
0.014736412256506438,Concrete,0,D42,D92
0.013377780806872712,Concrete,0,D42,B96
0.013688593264483294,Concrete,0,D42,C96
0.013143554304157356,Concrete,0,D42,D96
0.011724908690665732,Concrete,0,D42,B99
0.011302585397545764,Concrete,0,D42,C99
0.009525032808615759,Concrete,0,D42,D99
0.01454356564548388,Concrete,0,B43,C43
0.018142961612327882,Concrete,0,B43,D43
0.01939339890808148,Concrete,0,B43,B51
0.015054360967344882,Concrete,0,B43,C51
0.016110637614454734,Concrete,0,B43,D51
0.015843652857760373,Concrete,0,B43,B52
0.015166415442788924,Concrete,0,B43,C52
0.01343023351529211,Concrete,0,B43,D52
0.01681170608437629,Concrete,0,B43,B53
0.020620072605172082,Concrete,0,B43,C53
0.012803928733263385,Concrete,0,B43,D53
0.014301686704879893,Concrete,0,B43,B54
0.012700370402453781,Concrete,0,B43,C54
0.0128311983903796,Concrete,0,B43,D54
0.015468077694223712,Concrete,0,B43,B62
0.013134048121676118,Concrete,0,B43,C62
0.011903865458565812,Concrete,0,B43,D62
0.012536601719998923,Concrete,0,B43,B63
0.013880591378029812,Concrete,0,B43,C63
0.012591435316483447,Concrete,0,B43,D63
0.017647713542457533,Concrete,0,B43,B65
0.015539740476465813,Concrete,0,B43,C65
0.014884972775921683,Concrete,0,B43,D65
0.017946363621459644,Concrete,0,B43,B67
0.012341907562596548,Concrete,0,B43,C67
0.013496670402667985,Concrete,0,B43,D67
0.015939449437016872,Concrete,0,B43,B68
0.016589952404280812,Concrete,0,B43,C68
0.01522807888191106,Concrete,0,B43,D68
0.014857947508000208,Concrete,0,B43,B77
0.010457318050468943,Concrete,0,B43,C77
0.014692503377201864,Concrete,0,B43,D77
0.017445765588161515,Concrete,0,B43,B78
0.019321891293657318,Concrete,0,B43,C78
0.015837356293373708,Concrete,0,B43,D78
0.017595219978635897,Concrete,0,B43,B80
0.01240283167446642,Concrete,0,B43,C80
0.014863850591372284,Concrete,0,B43,D80
0.015998125857448923,Concrete,0,B43,B86
0.01883171959347544,Concrete,0,B43,C86
0.015057398094906405,Concrete,0,B43,D86
0.014750897009042417,Concrete,0,B43,B88
0.013252859933709445,Concrete,0,B43,C88
0.014577910756400617,Concrete,0,B43,D88
0.01450689544667329,Concrete,0,B43,B91
0.011724161981154646,Concrete,0,B43,C91
0.01393551998079723,Concrete,0,B43,D91
0.017190750883610828,Concrete,0,B43,B92
0.015480494367801861,Concrete,0,B43,C92
0.015519283180253973,Concrete,0,B43,D92
0.015251732177102559,Concrete,0,B43,B96
0.014811397374609991,Concrete,0,B43,C96
0.01556535840565279,Concrete,0,B43,D96
0.013923635177190303,Concrete,0,B43,B99
0.015471579922312986,Concrete,0,B43,C99
0.011901907009827881,Concrete,0,B43,D99
0.015252961652939809,Concrete,0,C43,D43
0.01900477253547308,Concrete,0,C43,B51
0.017043892126139406,Concrete,0,C43,C51
0.01417593544558025,Concrete,0,C43,D51
0.017035198523659124,Concrete,0,C43,B52
0.014723487943699059,Concrete,0,C43,C52
0.01435392056811592,Concrete,0,C43,D52
0.017157996767350647,Concrete,0,C43,B53
0.021142471723151837,Concrete,0,C43,C53
0.016060735329533806,Concrete,0,C43,D53
0.013886032759744617,Concrete,0,C43,B54
0.014894128658571587,Concrete,0,C43,C54
0.013977643316433795,Concrete,0,C43,D54
0.0157738572284597,Concrete,0,C43,B62
0.014362677383067214,Concrete,0,C43,C62
0.014271758625533081,Concrete,0,C43,D62
0.012389139819027126,Concrete,0,C43,B63
0.013598141518614123,Concrete,0,C43,C63
0.014293995127117563,Concrete,0,C43,D63
0.019923483880239446,Concrete,0,C43,B65
0.017330486864566747,Concrete,0,C43,C65
0.015820608539773406,Concrete,0,C43,D65
0.018654994211172844,Concrete,0,C43,B67
0.01559671305515286,Concrete,0,C43,C67
0.0172901605145736,Concrete,0,C43,D67
0.01799548075451198,Concrete,0,C43,B68
0.01587734834332404,Concrete,0,C43,C68
0.015584141168209751,Concrete,0,C43,D68
0.013071538836328046,Concrete,0,C43,B77
0.013225571818582391,Concrete,0,C43,C77
0.016561723575896695,Concrete,0,C43,D77
0.014910481297875096,Concrete,0,C43,B78
0.016714013449606085,Concrete,0,C43,C78
0.01508550831472331,Concrete,0,C43,D78
0.015257252437614291,Concrete,0,C43,B80
0.01481539970091671,Concrete,0,C43,C80
0.014006249740599601,Concrete,0,C43,D80
0.01599687734533834,Concrete,0,C43,B86
0.018478860242039003,Concrete,0,C43,C86
0.014863876829193512,Concrete,0,C43,D86
0.015697931361044044,Concrete,0,C43,B88
0.014180211396388564,Concrete,0,C43,C88
0.015959148400719714,Concrete,0,C43,D88
0.016160372484249483,Concrete,0,C43,B91
0.014846273067068446,Concrete,0,C43,C91
0.011724072340717349,Concrete,0,C43,D91
0.017807388212546023,Concrete,0,C43,B92
0.016407233021654005,Concrete,0,C43,C92
0.013631089699608369,Concrete,0,C43,D92
0.014881877897290051,Concrete,0,C43,B96
0.015049905324559229,Concrete,0,C43,C96
0.016050134218438098,Concrete,0,C43,D96
0.014239284116525511,Concrete,0,C43,B99
0.014919913203819994,Concrete,0,C43,C99
0.01208573643892875,Concrete,0,C43,D99
0.01960488772027316,Concrete,0,D43,B51
0.016907261291858277,Concrete,0,D43,C51
0.01628507264490277,Concrete,0,D43,D51
0.019581154682528624,Concrete,0,D43,B52
0.017335985254667716,Concrete,0,D43,C52
0.01764091561079693,Concrete,0,D43,D52
0.01795919552612722,Concrete,0,D43,B53
0.02106359443662304,Concrete,0,D43,C53
0.01699572880357895,Concrete,0,D43,D53
0.013735551642936706,Concrete,0,D43,B54
0.01764903476066689,Concrete,0,D43,C54
0.014080002115533861,Concrete,0,D43,D54
0.016234120200507712,Concrete,0,D43,B62
0.018048732728391255,Concrete,0,D43,C62
0.017410569850830667,Concrete,0,D43,D62
0.014123070984650859,Concrete,0,D43,B63
0.01515578749293483,Concrete,0,D43,C63
0.016450689088013667,Concrete,0,D43,D63
0.021895491531656576,Concrete,0,D43,B65
0.019428879075751075,Concrete,0,D43,C65
0.01630738600952497,Concrete,0,D43,D65
0.01908219897557352,Concrete,0,D43,B67
0.01892706429518686,Concrete,0,D43,C67
0.01785976469413639,Concrete,0,D43,D67
0.02015326783078788,Concrete,0,D43,B68
0.016685010328118036,Concrete,0,D43,C68
0.01897432165069167,Concrete,0,D43,D68
0.015276854778365984,Concrete,0,D43,B77
0.01451781830981971,Concrete,0,D43,C77
0.018436298827768614,Concrete,0,D43,D77
0.015698200299510502,Concrete,0,D43,B78
0.018117960261859137,Concrete,0,D43,C78
0.015818518381163448,Concrete,0,D43,D78
0.017245513800558058,Concrete,0,D43,B80
0.015892315225770788,Concrete,0,D43,C80
0.016362931443710257,Concrete,0,D43,D80
0.018861765521441066,Concrete,0,D43,B86
0.019315392640090828,Concrete,0,D43,C86
0.016038797537210662,Concrete,0,D43,D86
0.01733898146404241,Concrete,0,D43,B88
0.016838603903201143,Concrete,0,D43,C88
0.016851568659799875,Concrete,0,D43,D88
0.015688450477683993,Concrete,0,D43,B91
0.01682673828746546,Concrete,0,D43,C91
0.016982667981936074,Concrete,0,D43,D91
0.01821832721025849,Concrete,0,D43,B92
0.019141141479510182,Concrete,0,D43,C92
0.01538380602475603,Concrete,0,D43,D92
0.01693400309990857,Concrete,0,D43,B96
0.016591286670889157,Concrete,0,D43,C96
0.017098367480152154,Concrete,0,D43,D96
0.015829777460275685,Concrete,0,D43,B99
0.017530784190819625,Concrete,0,D43,C99
0.012572816106637056,Concrete,0,D43,D99
0.01854860565577229,Concrete,0,B51,C51
0.01645037831805886,Concrete,0,B51,D51
0.01880003461796968,Concrete,0,B51,B52
0.019299098990942915,Concrete,0,B51,C52
0.018943321378991507,Concrete,0,B51,D52
0.01976750074589924,Concrete,0,B51,B53
0.02011947103556034,Concrete,0,B51,C53
0.018281153645089733,Concrete,0,B51,D53
0.015885489375986755,Concrete,0,B51,B54
0.020882292191834934,Concrete,0,B51,C54
0.01577430699465115,Concrete,0,B51,D54
0.018009813535021128,Concrete,0,B51,B62
0.017292242173890873,Concrete,0,B51,C62
0.01894422953541196,Concrete,0,B51,D62
0.015678752337985814,Concrete,0,B51,B63
0.01794720021549556,Concrete,0,B51,C63
0.016741277331375887,Concrete,0,B51,D63
0.02180284893731459,Concrete,0,B51,B65
0.01774265071012451,Concrete,0,B51,C65
0.01939264950753181,Concrete,0,B51,D65
0.02009968586660438,Concrete,0,B51,B67
0.017838389509800188,Concrete,0,B51,C67
0.020614780772349156,Concrete,0,B51,D67
0.01855044414761431,Concrete,0,B51,B68
0.01761810373888052,Concrete,0,B51,C68
0.018534132225877832,Concrete,0,B51,D68
0.017399403575020202,Concrete,0,B51,B77
0.016392313951151073,Concrete,0,B51,C77
0.018122075488288585,Concrete,0,B51,D77
0.016733319446134064,Concrete,0,B51,B78
0.018329736752549175,Concrete,0,B51,C78
0.017124855767444585,Concrete,0,B51,D78
0.01905158037289801,Concrete,0,B51,B80
0.018516325098906092,Concrete,0,B51,C80
0.019294246357418693,Concrete,0,B51,D80
0.019859854240630314,Concrete,0,B51,B86
0.021633664927308716,Concrete,0,B51,C86
0.015504561136695605,Concrete,0,B51,D86
0.01694683106812247,Concrete,0,B51,B88
0.015811796244293918,Concrete,0,B51,C88
0.019073643954276753,Concrete,0,B51,D88
0.018566885800400074,Concrete,0,B51,B91
0.017316363482150137,Concrete,0,B51,C91
0.016386685411276046,Concrete,0,B51,D91
0.020700779922810865,Concrete,0,B51,B92
0.01961388182746909,Concrete,0,B51,C92
0.016911993664003207,Concrete,0,B51,D92
0.01584453397044607,Concrete,0,B51,B96
0.01673560224617842,Concrete,0,B51,C96
0.0189298358724141,Concrete,0,B51,D96
0.018551339375152485,Concrete,0,B51,B99
0.015142323446219496,Concrete,0,B51,C99
0.014255597980598531,Concrete,0,B51,D99
0.013922159153840773,Concrete,0,C51,D51
0.016761214663598794,Concrete,0,C51,B52
0.016053296243302078,Concrete,0,C51,C52
0.01346736421990332,Concrete,0,C51,D52
0.014772679847463572,Concrete,0,C51,B53
0.021176320119963787,Concrete,0,C51,C53
0.015452841481317862,Concrete,0,C51,D53
0.013595915565433892,Concrete,0,C51,B54
0.014335679789030137,Concrete,0,C51,C54
0.011204386459930132,Concrete,0,C51,D54
0.015320529738505773,Concrete,0,C51,B62
0.012529884328138636,Concrete,0,C51,C62
0.013499669754641655,Concrete,0,C51,D62
0.0118100907678781,Concrete,0,C51,B63
0.013206794924621882,Concrete,0,C51,C63
0.01375386764476269,Concrete,0,C51,D63
0.016409278361010943,Concrete,0,C51,B65
0.014204058443155022,Concrete,0,C51,C65
0.015225922660624126,Concrete,0,C51,D65
0.016740803104092445,Concrete,0,C51,B67
0.015880627246071168,Concrete,0,C51,C67
0.014548927663913252,Concrete,0,C51,D67
0.016832203304519067,Concrete,0,C51,B68
0.01632943979694123,Concrete,0,C51,C68
0.015941441184439905,Concrete,0,C51,D68
0.013474451650465976,Concrete,0,C51,B77
0.011393595149130976,Concrete,0,C51,C77
0.013437894376965555,Concrete,0,C51,D77
0.01696715496976457,Concrete,0,C51,B78
0.01656203652973655,Concrete,0,C51,C78
0.0141949831854386,Concrete,0,C51,D78
0.015586679701990723,Concrete,0,C51,B80
0.013698968570197879,Concrete,0,C51,C80
0.01661207311220749,Concrete,0,C51,D80
0.015075085944709654,Concrete,0,C51,B86
0.018617278611655838,Concrete,0,C51,C86
0.012931525403488407,Concrete,0,C51,D86
0.015111244433007825,Concrete,0,C51,B88
0.013271320162242528,Concrete,0,C51,C88
0.01263171089419794,Concrete,0,C51,D88
0.01352879744900684,Concrete,0,C51,B91
0.012537944345076204,Concrete,0,C51,C91
0.01400723465619641,Concrete,0,C51,D91
0.01735357592233122,Concrete,0,C51,B92
0.015755440737616505,Concrete,0,C51,C92
0.016152096092405636,Concrete,0,C51,D92
0.014635113677286003,Concrete,0,C51,B96
0.0154779651743771,Concrete,0,C51,C96
0.015198777914891834,Concrete,0,C51,D96
0.012951916875915334,Concrete,0,C51,B99
0.014182107282654151,Concrete,0,C51,C99
0.010618180778098275,Concrete,0,C51,D99
0.016133810160965937,Concrete,0,D51,B52
0.015527699357485698,Concrete,0,D51,C52
0.01445100951163297,Concrete,0,D51,D52
0.015084610932136712,Concrete,0,D51,B53
0.016018931231410617,Concrete,0,D51,C53
0.014916527805162706,Concrete,0,D51,D53
0.012008527973320762,Concrete,0,D51,B54
0.015217278284577926,Concrete,0,D51,C54
0.011300755617859764,Concrete,0,D51,D54
0.015041745243093083,Concrete,0,D51,B62
0.01235724138914884,Concrete,0,D51,C62
0.014672790249494036,Concrete,0,D51,D62
0.011720307660777467,Concrete,0,D51,B63
0.01296183342775839,Concrete,0,D51,C63
0.014747529324777317,Concrete,0,D51,D63
0.018578730777075718,Concrete,0,D51,B65
0.013813368857186651,Concrete,0,D51,C65
0.015864474790921974,Concrete,0,D51,D65
0.015542563010454808,Concrete,0,D51,B67
0.0173482290228874,Concrete,0,D51,C67
0.017257621292282678,Concrete,0,D51,D67
0.017469699221204664,Concrete,0,D51,B68
0.01353947731904412,Concrete,0,D51,C68
0.015616954763554874,Concrete,0,D51,D68
0.011370764212019777,Concrete,0,D51,B77
0.010938803817795653,Concrete,0,D51,C77
0.013742891892904969,Concrete,0,D51,D77
0.014283910993087045,Concrete,0,D51,B78
0.012261982722300366,Concrete,0,D51,C78
0.012911767567746413,Concrete,0,D51,D78
0.013653116324726457,Concrete,0,D51,B80
0.01584272315448428,Concrete,0,D51,C80
0.014686445618336728,Concrete,0,D51,D80
0.014470751470216965,Concrete,0,D51,B86
0.01586805822779097,Concrete,0,D51,C86
0.011681693769998527,Concrete,0,D51,D86
0.014343178326620578,Concrete,0,D51,B88
0.011662065280651512,Concrete,0,D51,C88
0.012863951890481428,Concrete,0,D51,D88
0.015564477829806382,Concrete,0,D51,B91
0.012016753545940447,Concrete,0,D51,C91
0.01147895463768751,Concrete,0,D51,D91
0.016663385818144107,Concrete,0,D51,B92
0.018073477843631898,Concrete,0,D51,C92
0.015118355716058931,Concrete,0,D51,D92
0.013371868171759603,Concrete,0,D51,B96
0.013099414476672075,Concrete,0,D51,C96
0.014298908668439567,Concrete,0,D51,D96
0.012796301948645134,Concrete,0,D51,B99
0.012075473688515534,Concrete,0,D51,C99
0.010188551337269047,Concrete,0,D51,D99
0.017796930819460217,Concrete,0,B52,C52
0.015967214036176382,Concrete,0,B52,D52
0.016948464078211132,Concrete,0,B52,B53
0.020149723857867514,Concrete,0,B52,C53
0.01601710342222624,Concrete,0,B52,D53
0.014041076621293854,Concrete,0,B52,B54
0.015837684395793635,Concrete,0,B52,C54
0.012860722815506757,Concrete,0,B52,D54
0.01872874513140249,Concrete,0,B52,B62
0.015734078146714875,Concrete,0,B52,C62
0.015356616695948901,Concrete,0,B52,D62
0.015161052719261759,Concrete,0,B52,B63
0.015839610878680542,Concrete,0,B52,C63
0.014718490738471637,Concrete,0,B52,D63
0.01698049626405843,Concrete,0,B52,B65
0.01748748385822381,Concrete,0,B52,C65
0.01848297677877915,Concrete,0,B52,D65
0.01976456664447399,Concrete,0,B52,B67
0.014834105260874085,Concrete,0,B52,C67
0.016426484820006193,Concrete,0,B52,D67
0.016658096337867696,Concrete,0,B52,B68
0.01532684088808141,Concrete,0,B52,C68
0.015770976209176356,Concrete,0,B52,D68
0.014777829955462476,Concrete,0,B52,B77
0.014811266010535732,Concrete,0,B52,C77
0.01625820632692609,Concrete,0,B52,D77
0.016739056132814987,Concrete,0,B52,B78
0.018917797591976208,Concrete,0,B52,C78
0.015537460664868672,Concrete,0,B52,D78
0.016283358484776047,Concrete,0,B52,B80
0.014706886310060736,Concrete,0,B52,C80
0.01679253880630576,Concrete,0,B52,D80
0.01668433991908759,Concrete,0,B52,B86
0.018864009552367507,Concrete,0,B52,C86
0.014828219950753995,Concrete,0,B52,D86
0.016765432307736063,Concrete,0,B52,B88
0.014926472597137483,Concrete,0,B52,C88
0.016412892317331382,Concrete,0,B52,D88
0.016612239801391808,Concrete,0,B52,B91
0.014636566759213187,Concrete,0,B52,C91
0.01591225340822198,Concrete,0,B52,D91
0.020639241220208073,Concrete,0,B52,B92
0.017311911891029836,Concrete,0,B52,C92
0.017104802431944517,Concrete,0,B52,D92
0.015825346418342726,Concrete,0,B52,B96
0.013790496996848865,Concrete,0,B52,C96
0.015260612849884296,Concrete,0,B52,D96
0.01568923450933381,Concrete,0,B52,B99
0.015451454147557966,Concrete,0,B52,C99
0.014336760022215792,Concrete,0,B52,D99
0.016110776508353727,Concrete,0,C52,D52
0.018406396397269906,Concrete,0,C52,B53
0.019959128046362955,Concrete,0,C52,C53
0.016858935557807066,Concrete,0,C52,D53
0.01570988658691415,Concrete,0,C52,B54
0.015974755579014756,Concrete,0,C52,C54
0.014239035177313186,Concrete,0,C52,D54
0.013991453897588544,Concrete,0,C52,B62
0.014677073875804645,Concrete,0,C52,C62
0.013732254895219462,Concrete,0,C52,D62
0.01301799186847972,Concrete,0,C52,B63
0.014679120334634282,Concrete,0,C52,C63
0.014923109536690321,Concrete,0,C52,D63
0.020237365695401837,Concrete,0,C52,B65
0.01786651761730801,Concrete,0,C52,C65
0.015181587361191178,Concrete,0,C52,D65
0.016047084264206757,Concrete,0,C52,B67
0.01738335879292378,Concrete,0,C52,C67
0.017230094557165336,Concrete,0,C52,D67
0.018280152211902632,Concrete,0,C52,B68
0.017137705398066447,Concrete,0,C52,C68
0.01755527795500097,Concrete,0,C52,D68
0.014774302836108338,Concrete,0,C52,B77
0.013722926989452877,Concrete,0,C52,C77
0.01739448840006328,Concrete,0,C52,D77
0.018165264499996735,Concrete,0,C52,B78
0.0173078552254449,Concrete,0,C52,C78
0.01572218492467171,Concrete,0,C52,D78
0.018872718422841713,Concrete,0,C52,B80
0.015669443274937467,Concrete,0,C52,C80
0.015975105208761685,Concrete,0,C52,D80
0.017278795471906413,Concrete,0,C52,B86
0.018024118543775846,Concrete,0,C52,C86
0.015858438050771025,Concrete,0,C52,D86
0.015373318198770967,Concrete,0,C52,B88
0.016299817141340125,Concrete,0,C52,C88
0.015887150802634593,Concrete,0,C52,D88
0.014790022057849614,Concrete,0,C52,B91
0.016792953957692248,Concrete,0,C52,C91
0.014773130200849617,Concrete,0,C52,D91
0.018426471343848637,Concrete,0,C52,B92
0.020176200966239892,Concrete,0,C52,C92
0.016241389743614457,Concrete,0,C52,D92
0.015950666645363824,Concrete,0,C52,B96
0.01759092739952105,Concrete,0,C52,C96
0.019190170918414327,Concrete,0,C52,D96
0.015091759644313208,Concrete,0,C52,B99
0.01622968901200497,Concrete,0,C52,C99
0.012071894163811416,Concrete,0,C52,D99
0.016610832514694935,Concrete,0,D52,B53
0.022940695781413594,Concrete,0,D52,C53
0.01477238980884031,Concrete,0,D52,D53
0.014237436233517127,Concrete,0,D52,B54
0.013024901399430647,Concrete,0,D52,C54
0.013238462580775262,Concrete,0,D52,D54
0.014236199730079377,Concrete,0,D52,B62
0.014062091450874574,Concrete,0,D52,C62
0.012006004809829258,Concrete,0,D52,D62
0.011467083050631662,Concrete,0,D52,B63
0.01252979260183236,Concrete,0,D52,C63
0.01252585366483293,Concrete,0,D52,D63
0.016217664826080194,Concrete,0,D52,B65
0.015339578015535172,Concrete,0,D52,C65
0.014521612420740316,Concrete,0,D52,D65
0.015705727198058083,Concrete,0,D52,B67
0.012758060288592101,Concrete,0,D52,C67
0.014449792501132142,Concrete,0,D52,D67
0.012985902496572662,Concrete,0,D52,B68
0.017147702358437857,Concrete,0,D52,C68
0.015456242120041926,Concrete,0,D52,D68
0.012758712276869076,Concrete,0,D52,B77
0.012282727407071724,Concrete,0,D52,C77
0.015637339083275203,Concrete,0,D52,D77
0.015162130598877758,Concrete,0,D52,B78
0.017342453452453815,Concrete,0,D52,C78
0.013880486233500047,Concrete,0,D52,D78
0.01728152787544262,Concrete,0,D52,B80
0.012769998952703244,Concrete,0,D52,C80
0.014764221802932848,Concrete,0,D52,D80
0.01544237033548764,Concrete,0,D52,B86
0.019165841732087737,Concrete,0,D52,C86
0.014476775198697599,Concrete,0,D52,D86
0.014518462289376758,Concrete,0,D52,B88
0.013494706334872727,Concrete,0,D52,C88
0.015209454282100656,Concrete,0,D52,D88
0.013111381561008531,Concrete,0,D52,B91
0.01410116862232437,Concrete,0,D52,C91
0.012879712190764262,Concrete,0,D52,D91
0.018559915525266108,Concrete,0,D52,B92
0.014149283516297672,Concrete,0,D52,C92
0.01483966061787965,Concrete,0,D52,D92
0.01543328210234636,Concrete,0,D52,B96
0.01428218944224186,Concrete,0,D52,C96
0.014796912906947074,Concrete,0,D52,D96
0.013995346767348848,Concrete,0,D52,B99
0.01631754559729951,Concrete,0,D52,C99
0.011742347862466819,Concrete,0,D52,D99
0.018746352673963768,Concrete,0,B53,C53
0.016743271356793703,Concrete,0,B53,D53
0.014119769978928963,Concrete,0,B53,B54
0.015679480097612625,Concrete,0,B53,C54
0.013212731980466602,Concrete,0,B53,D54
0.017566386662098823,Concrete,0,B53,B62
0.012369863000772443,Concrete,0,B53,C62
0.015667907270933673,Concrete,0,B53,D62
0.014756035438008006,Concrete,0,B53,B63
0.015259560996188054,Concrete,0,B53,C63
0.014822245423634035,Concrete,0,B53,D63
0.019489574772116026,Concrete,0,B53,B65
0.016675993482214997,Concrete,0,B53,C65
0.017758557706218498,Concrete,0,B53,D65
0.02045366799857973,Concrete,0,B53,B67
0.01847491026998343,Concrete,0,B53,C67
0.017027537481803533,Concrete,0,B53,D67
0.019088544747251492,Concrete,0,B53,B68
0.01588531474977975,Concrete,0,B53,C68
0.018477341627153726,Concrete,0,B53,D68
0.014494335659387073,Concrete,0,B53,B77
0.014169779651656542,Concrete,0,B53,C77
0.01597316466368383,Concrete,0,B53,D77
0.015087895277107338,Concrete,0,B53,B78
0.017636213456720867,Concrete,0,B53,C78
0.015289678899706394,Concrete,0,B53,D78
0.015255567829108821,Concrete,0,B53,B80
0.015641755268889706,Concrete,0,B53,C80
0.018547156054002763,Concrete,0,B53,D80
0.01657615945935996,Concrete,0,B53,B86
0.01663774520005886,Concrete,0,B53,C86
0.016536013412885506,Concrete,0,B53,D86
0.016328467294224182,Concrete,0,B53,B88
0.015337747837737444,Concrete,0,B53,C88
0.014714965287208288,Concrete,0,B53,D88
0.017155907762300054,Concrete,0,B53,B91
0.01360243402867681,Concrete,0,B53,C91
0.014741686759741184,Concrete,0,B53,D91
0.018327751423243104,Concrete,0,B53,B92
0.017380214556477567,Concrete,0,B53,C92
0.016298315742942607,Concrete,0,B53,D92
0.016764126294130315,Concrete,0,B53,B96
0.01536982621659267,Concrete,0,B53,C96
0.016265267315240164,Concrete,0,B53,D96
0.014471502912084848,Concrete,0,B53,B99
0.015126489502401128,Concrete,0,B53,C99
0.012188906270871557,Concrete,0,B53,D99
0.01957064809863356,Concrete,0,C53,D53
0.016961631762808363,Concrete,0,C53,B54
0.01948631510174599,Concrete,0,C53,C54
0.014761973501107625,Concrete,0,C53,D54
0.020532376390446378,Concrete,0,C53,B62
0.018346033309900832,Concrete,0,C53,C62
0.02132968368839358,Concrete,0,C53,D62
0.018785270521710973,Concrete,0,C53,B63
0.020402327935953618,Concrete,0,C53,C63
0.01863808067773953,Concrete,0,C53,D63
0.023003665454675522,Concrete,0,C53,B65
0.020506441748987327,Concrete,0,C53,C65
0.021033573161923322,Concrete,0,C53,D65
0.02137132166892351,Concrete,0,C53,B67
0.02261937544036563,Concrete,0,C53,C67
0.022128056735631178,Concrete,0,C53,D67
0.021896929659911257,Concrete,0,C53,B68
0.015338147674598684,Concrete,0,C53,C68
0.021740261824341207,Concrete,0,C53,D68
0.015782367998269497,Concrete,0,C53,B77
0.017733410990905182,Concrete,0,C53,C77
0.016974020372976368,Concrete,0,C53,D77
0.017223279666477236,Concrete,0,C53,B78
0.018168993882196175,Concrete,0,C53,C78
0.018298021220866344,Concrete,0,C53,D78
0.01749663557292927,Concrete,0,C53,B80
0.020568487439479494,Concrete,0,C53,C80
0.020332275430820987,Concrete,0,C53,D80
0.021995300479593954,Concrete,0,C53,B86
0.01930721596832899,Concrete,0,C53,C86
0.018307581802244115,Concrete,0,C53,D86
0.020287459075992123,Concrete,0,C53,B88
0.018012553963627814,Concrete,0,C53,C88
0.018208819900550906,Concrete,0,C53,D88
0.020326305805396874,Concrete,0,C53,B91
0.01693186596225282,Concrete,0,C53,C91
0.016835669873047125,Concrete,0,C53,D91
0.02011831713780404,Concrete,0,C53,B92
0.02377593798399438,Concrete,0,C53,C92
0.018113914553020596,Concrete,0,C53,D92
0.018021998913847127,Concrete,0,C53,B96
0.017686020904594216,Concrete,0,C53,C96
0.018854186449637177,Concrete,0,C53,D96
0.018820392786831692,Concrete,0,C53,B99
0.017609157141662852,Concrete,0,C53,C99
0.01646987460016794,Concrete,0,C53,D99
0.014039142458388186,Concrete,0,D53,B54
0.013842255929419267,Concrete,0,D53,C54
0.013337396341228965,Concrete,0,D53,D54
0.016996955322990347,Concrete,0,D53,B62
0.013770469625178607,Concrete,0,D53,C62
0.014024711545702036,Concrete,0,D53,D62
0.012205343656387781,Concrete,0,D53,B63
0.01337759179093746,Concrete,0,D53,C63
0.01465627028897604,Concrete,0,D53,D63
0.016167472701386888,Concrete,0,D53,B65
0.015405185680210707,Concrete,0,D53,C65
0.015783671027368936,Concrete,0,D53,D65
0.017207505558899976,Concrete,0,D53,B67
0.014266536795583788,Concrete,0,D53,C67
0.012382924355830004,Concrete,0,D53,D67
0.014701361152954208,Concrete,0,D53,B68
0.01649023697947231,Concrete,0,D53,C68
0.015336412654700182,Concrete,0,D53,D68
0.014518865233386904,Concrete,0,D53,B77
0.011644803789574238,Concrete,0,D53,C77
0.0140704992366048,Concrete,0,D53,D77
0.017241018055470198,Concrete,0,D53,B78
0.018965723868875402,Concrete,0,D53,C78
0.014328171135122702,Concrete,0,D53,D78
0.01453854702789717,Concrete,0,D53,B80
0.013837088970081964,Concrete,0,D53,C80
0.015481879391198662,Concrete,0,D53,D80
0.014101555761972744,Concrete,0,D53,B86
0.02021247931355991,Concrete,0,D53,C86
0.011884260138680517,Concrete,0,D53,D86
0.01529313342722427,Concrete,0,D53,B88
0.012609032760969184,Concrete,0,D53,C88
0.013294936836945213,Concrete,0,D53,D88
0.014646913098249848,Concrete,0,D53,B91
0.011859856483999325,Concrete,0,D53,C91
0.013224039504684287,Concrete,0,D53,D91
0.016845947559383255,Concrete,0,D53,B92
0.017409414455192385,Concrete,0,D53,C92
0.014384067307952815,Concrete,0,D53,D92
0.01591992764217522,Concrete,0,D53,B96
0.014634914742164174,Concrete,0,D53,C96
0.015050909262536901,Concrete,0,D53,D96
0.013866720353916666,Concrete,0,D53,B99
0.01373629901591857,Concrete,0,D53,C99
0.012510966915310553,Concrete,0,D53,D99
0.01349257220942517,Concrete,0,B54,C54
0.01004352834573187,Concrete,0,B54,D54
0.013922311645323435,Concrete,0,B54,B62
0.012024112940029365,Concrete,0,B54,C62
0.013951698228984408,Concrete,0,B54,D62
0.012857252960612756,Concrete,0,B54,B63
0.012041068661820253,Concrete,0,B54,C63
0.012938988034916091,Concrete,0,B54,D63
0.017283411666238493,Concrete,0,B54,B65
0.013427882674972193,Concrete,0,B54,C65
0.014869698370777677,Concrete,0,B54,D65
0.016554427911959144,Concrete,0,B54,B67
0.013050562980587455,Concrete,0,B54,C67
0.01412895868507138,Concrete,0,B54,D67
0.015140025116387651,Concrete,0,B54,B68
0.012433134743938661,Concrete,0,B54,C68
0.015794252501497193,Concrete,0,B54,D68
0.011716035913059262,Concrete,0,B54,B77
0.01120691403300208,Concrete,0,B54,C77
0.013789549313662015,Concrete,0,B54,D77
0.013369964884834449,Concrete,0,B54,B78
0.014166307264997954,Concrete,0,B54,C78
0.012603578963649676,Concrete,0,B54,D78
0.01338143022888376,Concrete,0,B54,B80
0.013301716858356037,Concrete,0,B54,C80
0.013498189800318949,Concrete,0,B54,D80
0.015264393315196422,Concrete,0,B54,B86
0.013896367258548491,Concrete,0,B54,C86
0.01163177475651527,Concrete,0,B54,D86
0.013816752695439805,Concrete,0,B54,B88
0.012473823434955445,Concrete,0,B54,C88
0.013085842677057598,Concrete,0,B54,D88
0.013724588607301597,Concrete,0,B54,B91
0.012475560558630878,Concrete,0,B54,C91
0.013113283692514096,Concrete,0,B54,D91
0.015296487911169554,Concrete,0,B54,B92
0.015084842005819771,Concrete,0,B54,C92
0.013977903556526571,Concrete,0,B54,D92
0.013624039933765725,Concrete,0,B54,B96
0.012739423530935752,Concrete,0,B54,C96
0.014100347955205502,Concrete,0,B54,D96
0.011572471284917486,Concrete,0,B54,B99
0.011908556799180271,Concrete,0,B54,C99
0.009851175554042529,Concrete,0,B54,D99
0.01118382470987856,Concrete,0,C54,D54
0.01605747216121524,Concrete,0,C54,B62
0.013978459824338572,Concrete,0,C54,C62
0.012066756552963718,Concrete,0,C54,D62
0.010651024078367566,Concrete,0,C54,B63
0.011933258974020033,Concrete,0,C54,C63
0.013317171254864979,Concrete,0,C54,D63
0.014289909948814699,Concrete,0,C54,B65
0.016898084683801055,Concrete,0,C54,C65
0.014822830395106191,Concrete,0,C54,D65
0.016783712697618428,Concrete,0,C54,B67
0.013663532651128138,Concrete,0,C54,C67
0.012221447647103598,Concrete,0,C54,D67
0.01448078480966418,Concrete,0,C54,B68
0.014574167232763169,Concrete,0,C54,C68
0.015441445891925516,Concrete,0,C54,D68
0.012102849238913728,Concrete,0,C54,B77
0.010369018344790934,Concrete,0,C54,C77
0.015200785488402837,Concrete,0,C54,D77
0.015605107428547121,Concrete,0,C54,B78
0.017442190455568902,Concrete,0,C54,C78
0.014127307248233412,Concrete,0,C54,D78
0.015396849538026293,Concrete,0,C54,B80
0.012736661557049802,Concrete,0,C54,C80
0.013493355536084264,Concrete,0,C54,D80
0.01444021316134575,Concrete,0,C54,B86
0.017604477642287557,Concrete,0,C54,C86
0.014168930109618724,Concrete,0,C54,D86
0.01499237200297039,Concrete,0,C54,B88
0.01323087817524353,Concrete,0,C54,C88
0.014389261763724038,Concrete,0,C54,D88
0.01185554867290499,Concrete,0,C54,B91
0.011540346714084484,Concrete,0,C54,C91
0.01302567328100639,Concrete,0,C54,D91
0.015633936938677626,Concrete,0,C54,B92
0.01408587866272992,Concrete,0,C54,C92
0.015491632905721702,Concrete,0,C54,D92
0.01460655734837332,Concrete,0,C54,B96
0.014602370931567878,Concrete,0,C54,C96
0.0139110954803516,Concrete,0,C54,D96
0.01376288283149753,Concrete,0,C54,B99
0.015490794904802048,Concrete,0,C54,C99
0.0107830059555993,Concrete,0,C54,D99
0.012712125950476556,Concrete,0,D54,B62
0.010508508596908387,Concrete,0,D54,C62
0.012034842945587897,Concrete,0,D54,D62
0.009745384930439633,Concrete,0,D54,B63
0.011150995276469788,Concrete,0,D54,C63
0.010858284371365993,Concrete,0,D54,D63
0.014369169622239716,Concrete,0,D54,B65
0.013588588346234885,Concrete,0,D54,C65
0.012896647004814608,Concrete,0,D54,D65
0.015272846920611673,Concrete,0,D54,B67
0.012962122271775395,Concrete,0,D54,C67
0.012261319869634961,Concrete,0,D54,D67
0.01550465177234781,Concrete,0,D54,B68
0.010672243777029794,Concrete,0,D54,C68
0.013260891722068782,Concrete,0,D54,D68
0.010793297927204489,Concrete,0,D54,B77
0.009635376921974357,Concrete,0,D54,C77
0.011473899338415833,Concrete,0,D54,D77
0.01303382022542511,Concrete,0,D54,B78
0.014122762088121642,Concrete,0,D54,C78
0.012631565448786845,Concrete,0,D54,D78
0.012673359165464177,Concrete,0,D54,B80
0.011491837797746427,Concrete,0,D54,C80
0.013222494408542973,Concrete,0,D54,D80
0.012743440339330591,Concrete,0,D54,B86
0.01361434544189838,Concrete,0,D54,C86
0.011582068567915283,Concrete,0,D54,D86
0.013683739632133917,Concrete,0,D54,B88
0.010591751786754663,Concrete,0,D54,C88
0.012034807946994555,Concrete,0,D54,D88
0.012045203799345258,Concrete,0,D54,B91
0.01042553698629941,Concrete,0,D54,C91
0.011542616985892727,Concrete,0,D54,D91
0.014396067781711938,Concrete,0,D54,B92
0.013963185765470643,Concrete,0,D54,C92
0.013843225444020025,Concrete,0,D54,D92
0.011756895453699102,Concrete,0,D54,B96
0.011573781330867387,Concrete,0,D54,C96
0.012803908605109578,Concrete,0,D54,D96
0.010156451514224608,Concrete,0,D54,B99
0.012056692292627104,Concrete,0,D54,C99
0.008482907332116367,Concrete,0,D54,D99
0.015385009151853122,Concrete,0,B62,C62
0.012908358584483769,Concrete,0,B62,D62
0.011156471137782072,Concrete,0,B62,B63
0.014593710722115134,Concrete,0,B62,C63
0.013163623108996162,Concrete,0,B62,D63
0.018884085883116904,Concrete,0,B62,B65
0.016642231754450114,Concrete,0,B62,C65
0.013122868597531132,Concrete,0,B62,D65
0.015724249627743114,Concrete,0,B62,B67
0.0169347471829277,Concrete,0,B62,C67
0.01497380910243201,Concrete,0,B62,D67
0.017694924299698156,Concrete,0,B62,B68
0.015468674985653427,Concrete,0,B62,C68
0.015981970146752244,Concrete,0,B62,D68
0.014019949478943068,Concrete,0,B62,B77
0.013003572058428493,Concrete,0,B62,C77
0.01694576559635358,Concrete,0,B62,D77
0.016912391830144778,Concrete,0,B62,B78
0.016895298062127303,Concrete,0,B62,C78
0.01574225318998003,Concrete,0,B62,D78
0.018500215721545327,Concrete,0,B62,B80
0.015736081639721133,Concrete,0,B62,C80
0.014808653574683724,Concrete,0,B62,D80
0.01822539057319985,Concrete,0,B62,B86
0.01701427424546346,Concrete,0,B62,C86
0.015472783148311197,Concrete,0,B62,D86
0.01608015718004126,Concrete,0,B62,B88
0.013998296221446016,Concrete,0,B62,C88
0.014634217599090511,Concrete,0,B62,D88
0.013497553441464645,Concrete,0,B62,B91
0.014580101221981098,Concrete,0,B62,C91
0.013721599299691167,Concrete,0,B62,D91
0.017109855853404205,Concrete,0,B62,B92
0.017075209738137014,Concrete,0,B62,C92
0.015549468587107452,Concrete,0,B62,D92
0.014048828608340131,Concrete,0,B62,B96
0.017506468328514335,Concrete,0,B62,C96
0.018132109961242336,Concrete,0,B62,D96
0.013664052007020767,Concrete,0,B62,B99
0.01563753076207997,Concrete,0,B62,C99
0.010861499743897642,Concrete,0,B62,D99
0.01315791246085045,Concrete,0,C62,D62
0.012256272508521966,Concrete,0,C62,B63
0.012040774693872784,Concrete,0,C62,C63
0.013409971004249385,Concrete,0,C62,D63
0.016511053672609414,Concrete,0,C62,B65
0.014427999679262091,Concrete,0,C62,C65
0.015701067289912614,Concrete,0,C62,D65
0.017037042760759367,Concrete,0,C62,B67
0.015111927370782974,Concrete,0,C62,C67
0.016255720742055262,Concrete,0,C62,D67
0.0159987966894776,Concrete,0,C62,B68
0.014381625478013348,Concrete,0,C62,C68
0.016105956744696066,Concrete,0,C62,D68
0.013501158369215453,Concrete,0,C62,B77
0.011227534682047981,Concrete,0,C62,C77
0.013694247138548162,Concrete,0,C62,D77
0.015387616166533955,Concrete,0,C62,B78
0.016542623294951722,Concrete,0,C62,C78
0.012195098816722615,Concrete,0,C62,D78
0.013576009260350278,Concrete,0,C62,B80
0.013235005192461369,Concrete,0,C62,C80
0.017064787351011485,Concrete,0,C62,D80
0.014596568350616646,Concrete,0,C62,B86
0.014428796377041081,Concrete,0,C62,C86
0.012515628086857937,Concrete,0,C62,D86
0.014380622316094993,Concrete,0,C62,B88
0.012194338442910325,Concrete,0,C62,C88
0.013692360152879487,Concrete,0,C62,D88
0.014022074666399901,Concrete,0,C62,B91
0.011494167470364525,Concrete,0,C62,C91
0.01229107118613264,Concrete,0,C62,D91
0.015579178311157153,Concrete,0,C62,B92
0.016627484503337692,Concrete,0,C62,C92
0.013502520168382959,Concrete,0,C62,D92
0.014049823743588806,Concrete,0,C62,B96
0.012966774450527857,Concrete,0,C62,C96
0.014585463490684904,Concrete,0,C62,D96
0.013577934725859334,Concrete,0,C62,B99
0.012617439991431235,Concrete,0,C62,C99
0.010242178285074276,Concrete,0,C62,D99
0.010104010876839773,Concrete,0,D62,B63
0.012959715012591279,Concrete,0,D62,C63
0.010830266522451401,Concrete,0,D62,D63
0.015374125722978837,Concrete,0,D62,B65
0.01631048578559238,Concrete,0,D62,C65
0.013419438342737173,Concrete,0,D62,D65
0.015183786702594133,Concrete,0,D62,B67
0.012809247956265273,Concrete,0,D62,C67
0.012449062331693347,Concrete,0,D62,D67
0.013741210302585762,Concrete,0,D62,B68
0.016567505769954458,Concrete,0,D62,C68
0.013984553186284714,Concrete,0,D62,D68
0.013027919352475954,Concrete,0,D62,B77
0.010332354636859232,Concrete,0,D62,C77
0.014464274753424149,Concrete,0,D62,D77
0.016731556496728302,Concrete,0,D62,B78
0.01640254402066199,Concrete,0,D62,C78
0.015810016845445085,Concrete,0,D62,D78
0.01693444907604993,Concrete,0,D62,B80
0.01170558679722177,Concrete,0,D62,C80
0.013858957911009016,Concrete,0,D62,D80
0.0148377629713994,Concrete,0,D62,B86
0.01757321759869254,Concrete,0,D62,C86
0.014000120279534175,Concrete,0,D62,D86
0.014283289955087444,Concrete,0,D62,B88
0.012818375397166666,Concrete,0,D62,C88
0.013028999416396292,Concrete,0,D62,D88
0.012225995403356898,Concrete,0,D62,B91
0.012622269528563096,Concrete,0,D62,C91
0.013511116386641927,Concrete,0,D62,D91
0.015252124984516792,Concrete,0,D62,B92
0.015612192805506563,Concrete,0,D62,C92
0.015151992777055463,Concrete,0,D62,D92
0.014653881146976083,Concrete,0,D62,B96
0.016090415506290805,Concrete,0,D62,C96
0.015907491261023386,Concrete,0,D62,D96
0.013770181549986557,Concrete,0,D62,B99
0.014240617674999524,Concrete,0,D62,C99
0.01060364297983678,Concrete,0,D62,D99
0.010650410902961632,Concrete,0,B63,C63
0.011025685007758829,Concrete,0,B63,D63
0.014725778275467791,Concrete,0,B63,B65
0.015033840961350754,Concrete,0,B63,C65
0.011380758937982781,Concrete,0,B63,D65
0.013643864461059637,Concrete,0,B63,B67
0.013470160647608143,Concrete,0,B63,C67
0.011220029079757037,Concrete,0,B63,D67
0.013954043401181187,Concrete,0,B63,B68
0.013953757737738019,Concrete,0,B63,C68
0.012328107998575756,Concrete,0,B63,D68
0.011924445590356847,Concrete,0,B63,B77
0.009680198139057246,Concrete,0,B63,C77
0.012986482687831211,Concrete,0,B63,D77
0.014383555450485712,Concrete,0,B63,B78
0.01548940556367847,Concrete,0,B63,C78
0.012671835443286943,Concrete,0,B63,D78
0.01421255048172451,Concrete,0,B63,B80
0.01116941002238284,Concrete,0,B63,C80
0.01161924583924803,Concrete,0,B63,D80
0.013208659777101549,Concrete,0,B63,B86
0.015067632523147148,Concrete,0,B63,C86
0.01229898419593102,Concrete,0,B63,D86
0.012940022482299258,Concrete,0,B63,B88
0.010801062071337271,Concrete,0,B63,C88
0.011809997280081384,Concrete,0,B63,D88
0.009919439769495417,Concrete,0,B63,B91
0.010816219089279955,Concrete,0,B63,C91
0.00937594435616207,Concrete,0,B63,D91
0.014043799274598086,Concrete,0,B63,B92
0.013395852338402145,Concrete,0,B63,C92
0.012591914891560961,Concrete,0,B63,D92
0.012743007064739407,Concrete,0,B63,B96
0.01418490314086193,Concrete,0,B63,C96
0.013550333177890835,Concrete,0,B63,D96
0.011674638391927653,Concrete,0,B63,B99
0.012982503960996029,Concrete,0,B63,C99
0.008433319466530627,Concrete,0,B63,D99
0.013002364149674686,Concrete,0,C63,D63
0.01626869186781615,Concrete,0,C63,B65
0.014193847295492888,Concrete,0,C63,C65
0.013774554306945642,Concrete,0,C63,D65
0.016578814335875974,Concrete,0,C63,B67
0.014733763945425192,Concrete,0,C63,C67
0.013056903232114525,Concrete,0,C63,D67
0.014574382057709159,Concrete,0,C63,B68
0.0139197793127645,Concrete,0,C63,C68
0.015658657450786814,Concrete,0,C63,D68
0.010874531374539337,Concrete,0,C63,B77
0.010287011583346493,Concrete,0,C63,C77
0.013780748003279383,Concrete,0,C63,D77
0.014339853070815025,Concrete,0,C63,B78
0.015324212652659604,Concrete,0,C63,C78
0.012538925828788905,Concrete,0,C63,D78
0.013821060050776924,Concrete,0,C63,B80
0.012310392170142145,Concrete,0,C63,C80
0.013347939611943915,Concrete,0,C63,D80
0.012488369949258478,Concrete,0,C63,B86
0.01669090899974822,Concrete,0,C63,C86
0.013173634373000289,Concrete,0,C63,D86
0.013935359892147876,Concrete,0,C63,B88
0.011453905301681009,Concrete,0,C63,C88
0.012724797417098865,Concrete,0,C63,D88
0.011924748123813693,Concrete,0,C63,B91
0.01253611931330088,Concrete,0,C63,C91
0.012042321480653654,Concrete,0,C63,D91
0.014431187846406984,Concrete,0,C63,B92
0.014396736771584023,Concrete,0,C63,C92
0.01226543959397591,Concrete,0,C63,D92
0.014505707837889726,Concrete,0,C63,B96
0.011884914016172723,Concrete,0,C63,C96
0.014200891123171166,Concrete,0,C63,D96
0.012358138878364759,Concrete,0,C63,B99
0.01319631974136862,Concrete,0,C63,C99
0.009726947244621592,Concrete,0,C63,D99
0.016851692575683017,Concrete,0,D63,B65
0.01669154365637158,Concrete,0,D63,C65
0.01436582952125915,Concrete,0,D63,D65
0.015368281443245356,Concrete,0,D63,B67
0.01311930544159479,Concrete,0,D63,C67
0.013473872935402136,Concrete,0,D63,D67
0.015014504200660438,Concrete,0,D63,B68
0.014420764003187666,Concrete,0,D63,C68
0.014382677871534548,Concrete,0,D63,D68
0.012607453868686032,Concrete,0,D63,B77
0.011371547760586562,Concrete,0,D63,C77
0.014241947846880302,Concrete,0,D63,D77
0.014240200500984946,Concrete,0,D63,B78
0.0162434120966956,Concrete,0,D63,C78
0.013557404264725015,Concrete,0,D63,D78
0.015481662699569498,Concrete,0,D63,B80
0.011913458632276686,Concrete,0,D63,C80
0.01359325412938414,Concrete,0,D63,D80
0.015319259185788033,Concrete,0,D63,B86
0.01761687245340931,Concrete,0,D63,C86
0.013762048456194644,Concrete,0,D63,D86
0.014517827110409425,Concrete,0,D63,B88
0.01317628930017119,Concrete,0,D63,C88
0.013799925519379634,Concrete,0,D63,D88
0.013163991650623503,Concrete,0,D63,B91
0.011669202511413018,Concrete,0,D63,C91
0.013265603937002981,Concrete,0,D63,D91
0.01587910601063034,Concrete,0,D63,B92
0.014758995292668999,Concrete,0,D63,C92
0.013820980890927847,Concrete,0,D63,D92
0.011858109615129748,Concrete,0,D63,B96
0.014716508532582944,Concrete,0,D63,C96
0.014830173153457506,Concrete,0,D63,D96
0.013115921214316938,Concrete,0,D63,B99
0.013607668002866998,Concrete,0,D63,C99
0.010612700062871254,Concrete,0,D63,D99
0.019444059480816143,Concrete,0,B65,C65
0.018826160874606895,Concrete,0,B65,D65
0.019309348180742394,Concrete,0,B65,B67
0.016045582175179634,Concrete,0,B65,C67
0.01716855746723222,Concrete,0,B65,D67
0.01573395052875635,Concrete,0,B65,B68
0.017596234216830285,Concrete,0,B65,C68
0.01664893256710186,Concrete,0,B65,D68
0.014730844853983686,Concrete,0,B65,B77
0.015740310285969065,Concrete,0,B65,C77
0.017738945137704253,Concrete,0,B65,D77
0.020302308995040746,Concrete,0,B65,B78
0.020773453951679108,Concrete,0,B65,C78
0.016701854924323863,Concrete,0,B65,D78
0.017300300830544294,Concrete,0,B65,B80
0.015999210197193914,Concrete,0,B65,C80
0.019744370807880794,Concrete,0,B65,D80
0.017254152715193972,Concrete,0,B65,B86
0.023123030172326663,Concrete,0,B65,C86
0.01693169981366983,Concrete,0,B65,D86
0.020642784310355322,Concrete,0,B65,B88
0.01592297553142712,Concrete,0,B65,C88
0.019012661169777626,Concrete,0,B65,D88
0.01585197828953464,Concrete,0,B65,B91
0.014327845777958583,Concrete,0,B65,C91
0.015787216152005505,Concrete,0,B65,D91
0.01997160048872516,Concrete,0,B65,B92
0.018025990796990344,Concrete,0,B65,C92
0.017317759172548124,Concrete,0,B65,D92
0.016749025066077058,Concrete,0,B65,B96
0.01727403244882081,Concrete,0,B65,C96
0.018234697951198087,Concrete,0,B65,D96
0.0165113344840669,Concrete,0,B65,B99
0.017769488782899485,Concrete,0,B65,C99
0.015211010622493715,Concrete,0,B65,D99
0.01699007570771385,Concrete,0,C65,D65
0.019276759172698287,Concrete,0,C65,B67
0.016020845805800227,Concrete,0,C65,C67
0.018382715461712176,Concrete,0,C65,D67
0.016473703492926872,Concrete,0,C65,B68
0.01621889729850848,Concrete,0,C65,C68
0.01847973235604804,Concrete,0,C65,D68
0.014495414390751686,Concrete,0,C65,B77
0.01411896163348749,Concrete,0,C65,C77
0.013924012034736073,Concrete,0,C65,D77
0.014924634655635288,Concrete,0,C65,B78
0.016713783979306653,Concrete,0,C65,C78
0.014728449148714387,Concrete,0,C65,D78
0.018104814524508846,Concrete,0,C65,B80
0.015231768400627711,Concrete,0,C65,C80
0.017028468374808804,Concrete,0,C65,D80
0.01612339065263511,Concrete,0,C65,B86
0.019905687922111597,Concrete,0,C65,C86
0.013519149858830288,Concrete,0,C65,D86
0.01798065982952573,Concrete,0,C65,B88
0.01287093078259271,Concrete,0,C65,C88
0.014127373083705581,Concrete,0,C65,D88
0.016570208901932393,Concrete,0,C65,B91
0.014322934682667607,Concrete,0,C65,C91
0.014201669914765807,Concrete,0,C65,D91
0.018559475783954785,Concrete,0,C65,B92
0.017135673811330854,Concrete,0,C65,C92
0.017071770887411325,Concrete,0,C65,D92
0.016635136134169684,Concrete,0,C65,B96
0.012392636780690677,Concrete,0,C65,C96
0.015401794369869952,Concrete,0,C65,D96
0.014839066112473697,Concrete,0,C65,B99
0.013330765005877931,Concrete,0,C65,C99
0.011978608495248977,Concrete,0,C65,D99
0.01647243473789535,Concrete,0,D65,B67
0.016125188062260536,Concrete,0,D65,C67
0.016221709018047318,Concrete,0,D65,D67
0.018462375779058054,Concrete,0,D65,B68
0.014985342838023726,Concrete,0,D65,C68
0.017013854612646036,Concrete,0,D65,D68
0.013911147509020947,Concrete,0,D65,B77
0.01334550626871352,Concrete,0,D65,C77
0.017103173686759402,Concrete,0,D65,D77
0.016648199821550812,Concrete,0,D65,B78
0.017634375650982703,Concrete,0,D65,C78
0.015409761555792762,Concrete,0,D65,D78
0.018994157584696594,Concrete,0,D65,B80
0.0136008378320434,Concrete,0,D65,C80
0.015260500550542835,Concrete,0,D65,D80
0.017027666345853797,Concrete,0,D65,B86
0.01669534740123179,Concrete,0,D65,C86
0.016458699451603182,Concrete,0,D65,D86
0.01613420293898809,Concrete,0,D65,B88
0.013970101697181728,Concrete,0,D65,C88
0.014106085743956357,Concrete,0,D65,D88
0.01412025379029684,Concrete,0,D65,B91
0.014424514680096187,Concrete,0,D65,C91
0.01409508119582627,Concrete,0,D65,D91
0.01764703925126086,Concrete,0,D65,B92
0.017436424331338487,Concrete,0,D65,C92
0.0158656952892517,Concrete,0,D65,D92
0.015589623722087016,Concrete,0,D65,B96
0.015556721769151164,Concrete,0,D65,C96
0.017073736581849172,Concrete,0,D65,D96
0.013204549056621958,Concrete,0,D65,B99
0.015769607704999584,Concrete,0,D65,C99
0.012179914971073614,Concrete,0,D65,D99
0.017599343806377264,Concrete,0,B67,C67
0.01693509520777591,Concrete,0,B67,D67
0.01870463982758351,Concrete,0,B67,B68
0.015923177092938223,Concrete,0,B67,C68
0.018466921761537743,Concrete,0,B67,D68
0.015212800892442209,Concrete,0,B67,B77
0.014292113145030701,Concrete,0,B67,C77
0.018682915678605163,Concrete,0,B67,D77
0.01847404686438185,Concrete,0,B67,B78
0.017485202538738892,Concrete,0,B67,C78
0.016768357431788842,Concrete,0,B67,D78
0.01987340208418949,Concrete,0,B67,B80
0.016550336006543594,Concrete,0,B67,C80
0.016496171704941564,Concrete,0,B67,D80
0.018379806765131596,Concrete,0,B67,B86
0.019118691025342405,Concrete,0,B67,C86
0.015929488934077356,Concrete,0,B67,D86
0.0165885518324324,Concrete,0,B67,B88
0.01583162906561804,Concrete,0,B67,C88
0.01569357128994773,Concrete,0,B67,D88
0.014636672723947556,Concrete,0,B67,B91
0.015704504860464076,Concrete,0,B67,C91
0.01594562406453931,Concrete,0,B67,D91
0.01910955818923144,Concrete,0,B67,B92
0.020650584306446302,Concrete,0,B67,C92
0.017831615536276102,Concrete,0,B67,D92
0.01538107587087761,Concrete,0,B67,B96
0.018285906403002015,Concrete,0,B67,C96
0.017858723594453278,Concrete,0,B67,D96
0.015179807222801881,Concrete,0,B67,B99
0.017608731672319317,Concrete,0,B67,C99
0.014085006755219641,Concrete,0,B67,D99
0.012846127415609601,Concrete,0,C67,D67
0.012871505207324423,Concrete,0,C67,B68
0.017757348219104036,Concrete,0,C67,C68
0.013540005580811813,Concrete,0,C67,D68
0.014342855349259394,Concrete,0,C67,B77
0.013985553975445784,Concrete,0,C67,C77
0.016067851570921717,Concrete,0,C67,D77
0.015512591679895351,Concrete,0,C67,B78
0.018844043795260036,Concrete,0,C67,C78
0.018052785646487195,Concrete,0,C67,D78
0.01841150632581996,Concrete,0,C67,B80
0.011748637889326523,Concrete,0,C67,C80
0.014365382161807484,Concrete,0,C67,D80
0.0167306307762409,Concrete,0,C67,B86
0.020746789221209767,Concrete,0,C67,C86
0.015423129331946556,Concrete,0,C67,D86
0.01510088372641937,Concrete,0,C67,B88
0.014441344739423335,Concrete,0,C67,C88
0.016250169534292022,Concrete,0,C67,D88
0.014683729339162484,Concrete,0,C67,B91
0.014335971695435667,Concrete,0,C67,C91
0.015588394361136917,Concrete,0,C67,D91
0.018556809880025515,Concrete,0,C67,B92
0.013782743027682327,Concrete,0,C67,C92
0.01731591860237079,Concrete,0,C67,D92
0.014732070733022472,Concrete,0,C67,B96
0.01659158697057556,Concrete,0,C67,C96
0.015923054967757637,Concrete,0,C67,D96
0.014013570292199452,Concrete,0,C67,B99
0.015854387839942242,Concrete,0,C67,C99
0.012892887123284513,Concrete,0,C67,D99
0.015311831030947253,Concrete,0,D67,B68
0.01641519347104604,Concrete,0,D67,C68
0.014608165303599922,Concrete,0,D67,D68
0.015500937796061568,Concrete,0,D67,B77
0.012296676164134513,Concrete,0,D67,C77
0.01636870407191998,Concrete,0,D67,D77
0.01829870782908228,Concrete,0,D67,B78
0.020408702539335327,Concrete,0,D67,C78
0.018108752996452496,Concrete,0,D67,D78
0.017165771752645137,Concrete,0,D67,B80
0.012461430175771188,Concrete,0,D67,C80
0.013766749092167076,Concrete,0,D67,D80
0.015107500141521594,Concrete,0,D67,B86
0.01678587630306788,Concrete,0,D67,C86
0.014571619948933237,Concrete,0,D67,D86
0.014241601434097797,Concrete,0,D67,B88
0.016130703484337396,Concrete,0,D67,C88
0.013624905935354696,Concrete,0,D67,D88
0.012282852846509025,Concrete,0,D67,B91
0.013444945840259768,Concrete,0,D67,C91
0.014799096248577599,Concrete,0,D67,D91
0.01636994747233436,Concrete,0,D67,B92
0.01508761249462532,Concrete,0,D67,C92
0.016700877583071448,Concrete,0,D67,D92
0.015909098511345254,Concrete,0,D67,B96
0.017119472488655085,Concrete,0,D67,C96
0.0164713830962306,Concrete,0,D67,D96
0.013250364613500912,Concrete,0,D67,B99
0.015968047452712082,Concrete,0,D67,C99
0.011543952951482398,Concrete,0,D67,D99
0.017276421294045535,Concrete,0,B68,C68
0.016276930078388582,Concrete,0,B68,D68
0.01476130063873827,Concrete,0,B68,B77
0.01480087999753202,Concrete,0,B68,C77
0.017552475406884486,Concrete,0,B68,D77
0.015145184236910872,Concrete,0,B68,B78
0.021481680621726378,Concrete,0,B68,C78
0.015159468795668705,Concrete,0,B68,D78
0.01868950538877047,Concrete,0,B68,B80
0.015155060619461059,Concrete,0,B68,C80
0.016530472857506397,Concrete,0,B68,D80
0.01712924343468356,Concrete,0,B68,B86
0.02105949911902064,Concrete,0,B68,C86
0.01525490435845151,Concrete,0,B68,D86
0.01539274519092389,Concrete,0,B68,B88
0.013720133673112409,Concrete,0,B68,C88
0.01670318751634732,Concrete,0,B68,D88
0.01552358325516991,Concrete,0,B68,B91
0.015325649804074,Concrete,0,B68,C91
0.016076512147308025,Concrete,0,B68,D91
0.017584789602724537,Concrete,0,B68,B92
0.015911501586054675,Concrete,0,B68,C92
0.017040179987270403,Concrete,0,B68,D92
0.016817912773135275,Concrete,0,B68,B96
0.014415626934551716,Concrete,0,B68,C96
0.016433941797986584,Concrete,0,B68,D96
0.016677959532610732,Concrete,0,B68,B99
0.015458566425671018,Concrete,0,B68,C99
0.01338220443536814,Concrete,0,B68,D99
0.016894155282849817,Concrete,0,C68,D68
0.01239687120763162,Concrete,0,C68,B77
0.01158527317296746,Concrete,0,C68,C77
0.015389630907323846,Concrete,0,C68,D77
0.014145044348686511,Concrete,0,C68,B78
0.016396508851464812,Concrete,0,C68,C78
0.013145361571248784,Concrete,0,C68,D78
0.014524575451293285,Concrete,0,C68,B80
0.01588077629894558,Concrete,0,C68,C80
0.015683001028808846,Concrete,0,C68,D80
0.01603539581892703,Concrete,0,C68,B86
0.013456552781359784,Concrete,0,C68,C86
0.013914691824466854,Concrete,0,C68,D86
0.01558337875292824,Concrete,0,C68,B88
0.01332998785933374,Concrete,0,C68,C88
0.012537022635864026,Concrete,0,C68,D88
0.013995468928851609,Concrete,0,C68,B91
0.012251584179153233,Concrete,0,C68,C91
0.012565980548963556,Concrete,0,C68,D91
0.01767784788572037,Concrete,0,C68,B92
0.017107287141800535,Concrete,0,C68,C92
0.01631981002455374,Concrete,0,C68,D92
0.012190669592089077,Concrete,0,C68,B96
0.01230857022070799,Concrete,0,C68,C96
0.013416145713224935,Concrete,0,C68,D96
0.014055940694133547,Concrete,0,C68,B99
0.01421421891328183,Concrete,0,C68,C99
0.011500622300551296,Concrete,0,C68,D99
0.014358244595589093,Concrete,0,D68,B77
0.013794487749698152,Concrete,0,D68,C77
0.01707171290284767,Concrete,0,D68,D77
0.017928219846181044,Concrete,0,D68,B78
0.018615862829978458,Concrete,0,D68,C78
0.01901672483266911,Concrete,0,D68,D78
0.017176455532986915,Concrete,0,D68,B80
0.014019627495810476,Concrete,0,D68,C80
0.014815005779427345,Concrete,0,D68,D80
0.016138041341705593,Concrete,0,D68,B86
0.019943813114837887,Concrete,0,D68,C86
0.014675741969933188,Concrete,0,D68,D86
0.01555312749087062,Concrete,0,D68,B88
0.014259667501650638,Concrete,0,D68,C88
0.015827150917300605,Concrete,0,D68,D88
0.015607511327433939,Concrete,0,D68,B91
0.013848028652832725,Concrete,0,D68,C91
0.013484484970498594,Concrete,0,D68,D91
0.019308333278933328,Concrete,0,D68,B92
0.016402614454369534,Concrete,0,D68,C92
0.016930243040399175,Concrete,0,D68,D92
0.014172649133134848,Concrete,0,D68,B96
0.017022866883574607,Concrete,0,D68,C96
0.01583876192618156,Concrete,0,D68,D96
0.014260513469211077,Concrete,0,D68,B99
0.016065265363819588,Concrete,0,D68,C99
0.012947327046848494,Concrete,0,D68,D99
0.01149350199245939,Concrete,0,B77,C77
0.013088461570258773,Concrete,0,B77,D77
0.01216864568505477,Concrete,0,B77,B78
0.012498903944648851,Concrete,0,B77,C78
0.012708105046717558,Concrete,0,B77,D78
0.01169535657370651,Concrete,0,B77,B80
0.013106274347757104,Concrete,0,B77,C80
0.012779352029212768,Concrete,0,B77,D80
0.014898974022208054,Concrete,0,B77,B86
0.015356821761940479,Concrete,0,B77,C86
0.012551661840971819,Concrete,0,B77,D86
0.013963059114619,Concrete,0,B77,B88
0.011902918991494971,Concrete,0,B77,C88
0.012871922229223506,Concrete,0,B77,D88
0.011681022286214099,Concrete,0,B77,B91
0.011980544333876856,Concrete,0,B77,C91
0.01067406992360635,Concrete,0,B77,D91
0.015068668299150316,Concrete,0,B77,B92
0.015143360593605626,Concrete,0,B77,C92
0.012121656709585385,Concrete,0,B77,D92
0.013319973031918156,Concrete,0,B77,B96
0.011542882754154181,Concrete,0,B77,C96
0.013039474724834514,Concrete,0,B77,D96
0.011654469621689222,Concrete,0,B77,B99
0.013301896223849358,Concrete,0,B77,C99
0.009304469165946128,Concrete,0,B77,D99
0.012401933181802622,Concrete,0,C77,D77
0.014735889771759709,Concrete,0,C77,B78
0.014995187293505836,Concrete,0,C77,C78
0.01180781785412053,Concrete,0,C77,D78
0.013627708536164572,Concrete,0,C77,B80
0.011365010429804832,Concrete,0,C77,C80
0.01245247374247812,Concrete,0,C77,D80
0.012946542641699109,Concrete,0,C77,B86
0.015752626703068696,Concrete,0,C77,C86
0.011146727988945147,Concrete,0,C77,D86
0.012534543062262456,Concrete,0,C77,B88
0.011093192266187943,Concrete,0,C77,C88
0.010809764457774786,Concrete,0,C77,D88
0.011575550061506026,Concrete,0,C77,B91
0.009446306065965587,Concrete,0,C77,C91
0.010614575542465362,Concrete,0,C77,D91
0.013819904168647947,Concrete,0,C77,B92
0.014615266980863463,Concrete,0,C77,C92
0.014280363224750072,Concrete,0,C77,D92
0.01212188255231344,Concrete,0,C77,B96
0.012933449175068699,Concrete,0,C77,C96
0.012209924591902283,Concrete,0,C77,D96
0.0121869390388029,Concrete,0,C77,B99
0.011856909008448165,Concrete,0,C77,C99
0.009228728943547168,Concrete,0,C77,D99
0.016080630918017372,Concrete,0,D77,B78
0.015403540614278954,Concrete,0,D77,C78
0.014754844273708727,Concrete,0,D77,D78
0.01384190018231972,Concrete,0,D77,B80
0.014353620611813155,Concrete,0,D77,C80
0.015708353210034626,Concrete,0,D77,D80
0.01542164281112978,Concrete,0,D77,B86
0.018949549703816897,Concrete,0,D77,C86
0.012452758208153935,Concrete,0,D77,D86
0.016432446338772663,Concrete,0,D77,B88
0.012526168875974691,Concrete,0,D77,C88
0.014566601661948808,Concrete,0,D77,D88
0.014968576532298461,Concrete,0,D77,B91
0.012270238327407533,Concrete,0,D77,C91
0.012616289192800398,Concrete,0,D77,D91
0.017357112726476442,Concrete,0,D77,B92
0.017345801202575024,Concrete,0,D77,C92
0.015214735867137815,Concrete,0,D77,D92
0.01535335499803058,Concrete,0,D77,B96
0.013327985169612576,Concrete,0,D77,C96
0.01607556914074498,Concrete,0,D77,D96
0.014560050059071428,Concrete,0,D77,B99
0.013737152386502175,Concrete,0,D77,C99
0.01149788939527771,Concrete,0,D77,D99
0.015761990239005375,Concrete,0,B78,C78
0.013449753384419583,Concrete,0,B78,D78
0.015522566947300358,Concrete,0,B78,B80
0.015244078212151946,Concrete,0,B78,C80
0.015591501111722939,Concrete,0,B78,D80
0.01748834865591376,Concrete,0,B78,B86
0.01840656523080235,Concrete,0,B78,C86
0.014628176297777695,Concrete,0,B78,D86
0.01628731653576588,Concrete,0,B78,B88
0.014202513636132933,Concrete,0,B78,C88
0.015642894379353577,Concrete,0,B78,D88
0.01507305525874541,Concrete,0,B78,B91
0.014899174319357167,Concrete,0,B78,C91
0.013020995365508114,Concrete,0,B78,D91
0.016463310675874986,Concrete,0,B78,B92
0.016202417971093393,Concrete,0,B78,C92
0.015842214633474842,Concrete,0,B78,D92
0.014874863010556145,Concrete,0,B78,B96
0.012630098359537578,Concrete,0,B78,C96
0.014824492516072854,Concrete,0,B78,D96
0.014160781042898392,Concrete,0,B78,B99
0.013978455984817721,Concrete,0,B78,C99
0.011883821297745152,Concrete,0,B78,D99
0.016270853596411842,Concrete,0,C78,D78
0.016693697316689605,Concrete,0,C78,B80
0.017946132069299996,Concrete,0,C78,C80
0.017130880069271975,Concrete,0,C78,D80
0.018490213716769528,Concrete,0,C78,B86
0.019393451253974157,Concrete,0,C78,C86
0.014773246447677357,Concrete,0,C78,D86
0.01687923716466913,Concrete,0,C78,B88
0.015591183615509386,Concrete,0,C78,C88
0.015882742299183305,Concrete,0,C78,D88
0.01628880802699433,Concrete,0,C78,B91
0.014739682676912714,Concrete,0,C78,C91
0.01420877329475243,Concrete,0,C78,D91
0.01843261651251056,Concrete,0,C78,B92
0.018973596644530414,Concrete,0,C78,C92
0.017155387790080672,Concrete,0,C78,D92
0.0165456274524703,Concrete,0,C78,B96
0.01599422065256545,Concrete,0,C78,C96
0.01630428212488844,Concrete,0,C78,D96
0.015494334627428101,Concrete,0,C78,B99
0.01579496151058522,Concrete,0,C78,C99
0.012638492017220542,Concrete,0,C78,D99
0.013811207375467236,Concrete,0,D78,B80
0.015188285177600517,Concrete,0,D78,C80
0.015901916717132647,Concrete,0,D78,D80
0.01597354305293811,Concrete,0,D78,B86
0.01550058924031712,Concrete,0,D78,C86
0.013202279998753575,Concrete,0,D78,D86
0.015505446131867355,Concrete,0,D78,B88
0.011636690695737695,Concrete,0,D78,C88
0.013908782796334805,Concrete,0,D78,D88
0.014379032827191553,Concrete,0,D78,B91
0.012752827363603607,Concrete,0,D78,C91
0.01233936521025962,Concrete,0,D78,D91
0.016094336161775483,Concrete,0,D78,B92
0.016740237769643104,Concrete,0,D78,C92
0.013751830617860403,Concrete,0,D78,D92
0.014070413892418773,Concrete,0,D78,B96
0.010725266079637426,Concrete,0,D78,C96
0.013884622422204632,Concrete,0,D78,D96
0.014230370126801627,Concrete,0,D78,B99
0.012279779467327237,Concrete,0,D78,C99
0.01116359433958343,Concrete,0,D78,D99
0.0161856283169297,Concrete,0,B80,C80
0.016823823824563548,Concrete,0,B80,D80
0.01395721953352976,Concrete,0,B80,B86
0.016779561876765683,Concrete,0,B80,C86
0.013965955745186371,Concrete,0,B80,D86
0.016588389821900487,Concrete,0,B80,B88
0.014331962356079152,Concrete,0,B80,C88
0.015011753150352945,Concrete,0,B80,D88
0.016428514473147603,Concrete,0,B80,B91
0.01242922511549764,Concrete,0,B80,C91
0.012894116696333252,Concrete,0,B80,D91
0.018168610019922364,Concrete,0,B80,B92
0.017376485104493546,Concrete,0,B80,C92
0.014725259774864524,Concrete,0,B80,D92
0.015949434054235535,Concrete,0,B80,B96
0.013758245394070875,Concrete,0,B80,C96
0.015295054172375843,Concrete,0,B80,D96
0.015297266225608478,Concrete,0,B80,B99
0.0147564381137197,Concrete,0,B80,C99
0.011751196636334742,Concrete,0,B80,D99
0.013683521814077438,Concrete,0,C80,D80
0.015462329941347358,Concrete,0,C80,B86
0.017752600965667893,Concrete,0,C80,C86
0.014797223307857751,Concrete,0,C80,D86
0.015073382707430527,Concrete,0,C80,B88
0.013013787786260216,Concrete,0,C80,C88
0.014109025371576859,Concrete,0,C80,D88
0.01230694078524146,Concrete,0,C80,B91
0.012860192048842242,Concrete,0,C80,C91
0.013048740265986737,Concrete,0,C80,D91
0.015754850595092882,Concrete,0,C80,B92
0.015076453293669686,Concrete,0,C80,C92
0.014687514943292786,Concrete,0,C80,D92
0.015707473052969406,Concrete,0,C80,B96
0.014320292042463158,Concrete,0,C80,C96
0.014796493237410249,Concrete,0,C80,D96
0.012628468105234629,Concrete,0,C80,B99
0.01424139319281606,Concrete,0,C80,C99
0.010653093251215365,Concrete,0,C80,D99
0.01620918888556082,Concrete,0,D80,B86
0.01742858442110429,Concrete,0,D80,C86
0.014077245947247399,Concrete,0,D80,D86
0.01572040795119219,Concrete,0,D80,B88
0.01528300516704758,Concrete,0,D80,C88
0.015390848219397402,Concrete,0,D80,D88
0.013334047002193273,Concrete,0,D80,B91
0.01434598495800205,Concrete,0,D80,C91
0.013293329755882537,Concrete,0,D80,D91
0.016392928744593423,Concrete,0,D80,B92
0.01667107082868683,Concrete,0,D80,C92
0.015514910028439575,Concrete,0,D80,D92
0.014702174164261722,Concrete,0,D80,B96
0.01584827614543599,Concrete,0,D80,C96
0.016489270909923436,Concrete,0,D80,D96
0.01415972577733605,Concrete,0,D80,B99
0.01540926191497683,Concrete,0,D80,C99
0.011340187654603267,Concrete,0,D80,D99
0.01804329900187,Concrete,0,B86,C86
0.014599607448121705,Concrete,0,B86,D86
0.017909078746189216,Concrete,0,B86,B88
0.013932192720912345,Concrete,0,B86,C88
0.015144819953334946,Concrete,0,B86,D88
0.015734645050383224,Concrete,0,B86,B91
0.014319756407605886,Concrete,0,B86,C91
0.013711934322867244,Concrete,0,B86,D91
0.01707583345193215,Concrete,0,B86,B92
0.016764127628429885,Concrete,0,B86,C92
0.016155624810514777,Concrete,0,B86,D92
0.01675437079607769,Concrete,0,B86,B96
0.015032160474056254,Concrete,0,B86,C96
0.016323602084031337,Concrete,0,B86,D96
0.014271593036815558,Concrete,0,B86,B99
0.015206324573745992,Concrete,0,B86,C99
0.01263831957024481,Concrete,0,B86,D99
0.01767782772029542,Concrete,0,C86,D86
0.016796446123704997,Concrete,0,C86,B88
0.017086613498918633,Concrete,0,C86,C88
0.015001491450698432,Concrete,0,C86,D88
0.01524390963221654,Concrete,0,C86,B91
0.015596311857863183,Concrete,0,C86,C91
0.015708236371076493,Concrete,0,C86,D91
0.018083386475528408,Concrete,0,C86,B92
0.02208195120452836,Concrete,0,C86,C92
0.01823356129151492,Concrete,0,C86,D92
0.017477798736944,Concrete,0,C86,B96
0.01610292946367519,Concrete,0,C86,C96
0.01733977708178535,Concrete,0,C86,D96
0.01576237583370859,Concrete,0,C86,B99
0.017497018136144536,Concrete,0,C86,C99
0.013738863443104965,Concrete,0,C86,D99
0.014846791587216863,Concrete,0,D86,B88
0.011968675215952638,Concrete,0,D86,C88
0.012206838701265313,Concrete,0,D86,D88
0.013784917437351043,Concrete,0,D86,B91
0.011124019458401862,Concrete,0,D86,C91
0.010984749109992347,Concrete,0,D86,D91
0.015615450501448469,Concrete,0,D86,B92
0.01571394869908259,Concrete,0,D86,C92
0.013351373814375232,Concrete,0,D86,D92
0.0125280137152669,Concrete,0,D86,B96
0.013047656625941156,Concrete,0,D86,C96
0.01328034744442345,Concrete,0,D86,D96
0.013333498832200589,Concrete,0,D86,B99
0.011613623555462596,Concrete,0,D86,C99
0.010712871081520636,Concrete,0,D86,D99
0.015144474861336854,Concrete,0,B88,C88
0.014105975582041198,Concrete,0,B88,D88
0.013740791913682859,Concrete,0,B88,B91
0.014156218697045959,Concrete,0,B88,C91
0.014483294366053483,Concrete,0,B88,D91
0.018754322965300146,Concrete,0,B88,B92
0.01710325784641658,Concrete,0,B88,C92
0.017188292182997354,Concrete,0,B88,D92
0.015635510399347935,Concrete,0,B88,B96
0.015895269445639713,Concrete,0,B88,C96
0.015785274130222408,Concrete,0,B88,D96
0.014300044084181457,Concrete,0,B88,B99
0.016321324155564396,Concrete,0,B88,C99
0.011460507666373479,Concrete,0,B88,D99
0.01291110492424971,Concrete,0,C88,D88
0.01450380665240274,Concrete,0,C88,B91
0.011717546156135655,Concrete,0,C88,C91
0.011996042289692126,Concrete,0,C88,D91
0.014556272981012764,Concrete,0,C88,B92
0.015261335860700519,Concrete,0,C88,C92
0.013282054033897428,Concrete,0,C88,D92
0.013716884838163683,Concrete,0,C88,B96
0.01057131772482809,Concrete,0,C88,C96
0.013879122169124665,Concrete,0,C88,D96
0.01271799068230627,Concrete,0,C88,B99
0.012144967984023963,Concrete,0,C88,C99
0.010372969262007115,Concrete,0,C88,D99
0.012819160707993897,Concrete,0,D88,B91
0.011894110322024466,Concrete,0,D88,C91
0.012239873634040575,Concrete,0,D88,D91
0.016837084618240655,Concrete,0,D88,B92
0.016827295764843948,Concrete,0,D88,C92
0.016330083445611664,Concrete,0,D88,D92
0.014692688867592967,Concrete,0,D88,B96
0.014222803216689303,Concrete,0,D88,C96
0.013007642311343576,Concrete,0,D88,D96
0.013206188065749608,Concrete,0,D88,B99
0.013407994189366765,Concrete,0,D88,C99
0.011296437515988881,Concrete,0,D88,D99
0.012415083929270772,Concrete,0,B91,C91
0.012920089013939618,Concrete,0,B91,D91
0.016268341971534112,Concrete,0,B91,B92
0.015481163699383049,Concrete,0,B91,C92
0.014955474105426017,Concrete,0,B91,D92
0.014779769981722955,Concrete,0,B91,B96
0.014844465758744155,Concrete,0,B91,C96
0.014916866302961641,Concrete,0,B91,D96
0.013736632965983925,Concrete,0,B91,B99
0.014456258810542742,Concrete,0,B91,C99
0.010054471327523693,Concrete,0,B91,D99
0.010692568252592963,Concrete,0,C91,D91
0.015118676386614795,Concrete,0,C91,B92
0.014289473600209431,Concrete,0,C91,C92
0.014265082128317766,Concrete,0,C91,D92
0.011793573000073549,Concrete,0,C91,B96
0.012892485848225587,Concrete,0,C91,C96
0.01260506737446057,Concrete,0,C91,D96
0.012264169582111472,Concrete,0,C91,B99
0.013342558298047598,Concrete,0,C91,C99
0.009730892018540552,Concrete,0,C91,D99
0.0145365515551599,Concrete,0,D91,B92
0.015055901439140172,Concrete,0,D91,C92
0.013458488025811585,Concrete,0,D91,D92
0.012488226865442669,Concrete,0,D91,B96
0.012693819976058725,Concrete,0,D91,C96
0.013079133857774414,Concrete,0,D91,D96
0.012642783661682538,Concrete,0,D91,B99
0.012124305821889145,Concrete,0,D91,C99
0.00992054659138605,Concrete,0,D91,D99
0.018676153946040785,Concrete,0,B92,C92
0.016446802500444842,Concrete,0,B92,D92
0.0175299284235207,Concrete,0,B92,B96
0.01691393711906952,Concrete,0,B92,C96
0.01825256846592521,Concrete,0,B92,D96
0.016157506189695005,Concrete,0,B92,B99
0.01455802353792679,Concrete,0,B92,C99
0.013422485206727251,Concrete,0,B92,D99
0.01666724471239905,Concrete,0,C92,D92
0.015139338590627062,Concrete,0,C92,B96
0.016329421432034457,Concrete,0,C92,C96
0.01555452494011748,Concrete,0,C92,D96
0.015596775547058735,Concrete,0,C92,B99
0.016577327252570745,Concrete,0,C92,C99
0.01348615043389094,Concrete,0,C92,D99
0.014736778762234297,Concrete,0,D92,B96
0.014187052527469187,Concrete,0,D92,C96
0.016386303998873423,Concrete,0,D92,D96
0.014164652020636626,Concrete,0,D92,B99
0.013926946269884541,Concrete,0,D92,C99
0.011575685407980069,Concrete,0,D92,D99
0.014797339460331939,Concrete,0,B96,C96
0.014717307384642052,Concrete,0,B96,D96
0.01388223501242537,Concrete,0,B96,B99
0.014581337558115567,Concrete,0,B96,C99
0.011536314602017853,Concrete,0,B96,D99
0.013030668194283867,Concrete,0,C96,D96
0.014098377815214315,Concrete,0,C96,B99
0.011987429246380315,Concrete,0,C96,C99
0.012117469250820098,Concrete,0,C96,D99
0.015928338459371055,Concrete,0,D96,B99
0.015132699551500392,Concrete,0,D96,C99
0.012903481277493637,Concrete,0,D96,D99
0.013756498502763172,Concrete,0,B99,C99
0.010435127177126701,Concrete,0,B99,D99
0.010904656859179315,Concrete,0,C99,D99
